roll width:  [ 60  90  96 120]
roll_price:  [120 180 192 240]
demand_width_array:  [38 44 13  9 10 12  6 16  1 17  2 13  8 46  7 26 51 21 38 19 21 12 43 29
 30 15 51  5 24 24 42 50 56 31 33 23 14 42 10  8 23 58  2  1 18  9 25 14
 52 48 43 58  9 31  8  4  7 22 50 58  4  5 25 50 44 13 27 53 17 46 52 42
 19 16  1  5 26 48 35 24  8 27 26 41 23 10  4 40 24 37 28 38 58 20 39  9
 33 35 11 24 16 48 24 26  8 52 29 11 47 33 25 24 56  2 50 14  4  1 57 14
  7 53 22  7  3 13 28 22 12  8 14  9 12 13 44 21 31 37 40  8 46  5 58 49
 19 33 14 11 24 18  8 58 25 11 29 21 33 13  2 31 42 25 19 52 34  3 45 29
 40 35 11 55 33 42 19 23  7  3  8 40 49 55 16  6 18 43 21 55 49 23 38 14
 50 51 34 54 21 11 33 56]
demand_number_array:  [50 25 82 32 53 92 85 17 44 59 85 95 57 73 41 30 47 49 77 14 52 61 48 43
 68 77 79 98 78 56 80 93 41 76 90 62 86 60 14 73 89 59 49 56 18 60 25 18
 27 32 83 67 72 93 53 42 36 18 86 20 50 44 70 19 80 96 80 29 66 92 11 78
 50 91 71 80 28 94 97 32 53 62 84 82 26 65 31 53 90 50 80 84 47 69 27 25
 40 87 36 49 73 30 32 69 59 37 10 72 50 68 46 73 85 60 83 17 59 92 11 89
 59 50 56 69 83 88 42 26 31 53 68 31 59 73 93 61 18 96 98 21 11 53 79 69
 73 17 90 89 27 47 67 41 44 90 52 58 46 32 29 27 55 82 47 19 31 46 49 93
 46 50 29 66 18 88 59 61 37 77 89 12 32 15 15 92 22 16 54 15 26 79 62 72
 36 93 35 46 25 95 28 32]
