roll width:  [ 60  90  96 120]
roll_price:  [120 180 192 240]
demand_width_array:  [38 44 13  9 10 12  6 16  1 17  2 13  8 46  7 26 51 21 38 19 21 12 43 29
 30 15 51  5 24 24 42 50 56 31 33 23 14 42 10  8 23 58  2  1 18  9 25 14
 52 48 43 58  9 31  8  4  7 22 50 58  4  5 25 50 44 13 27 53 17 46 52 42
 19 16  1  5 26 48 35 24  8 27 26 41 23 10  4 40 24 37 28 38 58 20 39  9
 33 35 11 24]
demand_number_array:  [50 25 82 32 53 92 85 17 44 59 85 95 57 73 41 30 47 49 77 14 52 61 48 43
 68 77 79 98 78 56 80 93 41 76 90 62 86 60 14 73 89 59 49 56 18 60 25 18
 27 32 83 67 72 93 53 42 36 18 86 20 50 44 70 19 80 96 80 29 66 92 11 78
 50 91 71 80 28 94 97 32 53 62 84 82 26 65 31 53 90 50 80 84 47 69 27 25
 40 87 36 49]
