roll width:  [ 60  90  96 120]
roll_price:  [120 180 192 240]
demand_width_array:  [47 22 82 19 85 15 89 74 26 11 86 81 16 35 60 30 28 94 21 38 39 24 60 78
 97 97 96 23 19 17 73 71 32 67 11 10 70 91 18 98 23 57 82 40 81 13 80 31
 59 67 13 78 34 53 86 36 62 90 51 92 25 74 78 35 97 17 36 35 32 19 77 33
 37 47 67 93 48 18 42 44 20 33 25 97 35 81 84 72 56 42 98 33 65 75 87 13
 10 87 16 62 95 80 12 86 31 85 17 87 82 85 86 53 30 40 46 17 55 78 67 92
 23 20 33 91 17 34 84 30 42 22 75 70 34 92 12 20 64 92 96 80 76 81 58 64
 25 15 27 52 30 58 32 23 63 94 20 65 71 66 99 31 93 35 24 23 94 53 16 87
 66 69 25 34 19 76 81 63 79 46 31 50 87 59 57 87 50 88 55 97 26 38 55 77
 76 88 56 10 39 73 85 45 63 43 12 94 93 58 64 42 38 65 92 41 38 84 18 42
 18 94 87 60 89 51 74 93 34 30 54 25 40 24 29 36 96 17 63 57 70 44 42 29
 77 34 93 48 57 15 89 73 97 42 52 84 76 98 40 27 78 74 70 88 27 49 45 91
 38 32 48 51 84 87 80 35 58 60 72 54 64 10 96 26 29 19 61 20 78 33 24 73
 31 56 13 66 98 90 56 64 89 81 24 87 25 35 63 94 68 95 39 54 47 32 64 86
 22 69 36 86 81 97 49 53 86 48 79 43 53 36 66 79 83 62 99 37 53 11 92 36
 94 40 74 32 62 13 80 22 49 93 58 71 80 23 46 33 32 76 63 19 51 67 98 86
 92 21 46 26 40 94 67 45 51 91 12 95 46 56 90 37 82 38 12 23 51 46 50 28
 48 73 56 99 12 38 88 85 68 52 36 31 68 26 47 21 32 16 24 97 85 45 73 42
 59 10 32 80 46 28 37 38 62 60 56 17 95 26 39 21 71 24 40 18 50 58 40 33
 76 74 22 27 43 20 38 85 15 91 15 52 96 62 67 66 88 97 91 20 82 58 29 22
 35 87 26 14 98 37 60 78 13 68 22 12 86 71 25 84 22 28 40 69 15 26 70 53
 41 54 34 72 89 31 29 87 43 14 49 77 44 44 52 88 92 48 58 91]
demand_number_array:  [50 25 82 32 53 92 85 17 44 59 85 95 57 73 41 30 47 49 77 14 52 61 48 43
 68 77 79 98 78 56 80 93 41 76 90 62 86 60 14 73 89 59 49 56 18 60 25 18
 27 32 83 67 72 93 53 42 36 18 86 20 50 44 70 19 80 96 80 29 66 92 11 78
 50 91 71 80 28 94 97 32 53 62 84 82 26 65 31 53 90 50 80 84 47 69 27 25
 40 87 36 49 73 30 32 69 59 37 10 72 50 68 46 73 85 60 83 17 59 92 11 89
 59 50 56 69 83 88 42 26 31 53 68 31 59 73 93 61 18 96 98 21 11 53 79 69
 73 17 90 89 27 47 67 41 44 90 52 58 46 32 29 27 55 82 47 19 31 46 49 93
 46 50 29 66 18 88 59 61 37 77 89 12 32 15 15 92 22 16 54 15 26 79 62 72
 36 93 35 46 25 95 28 32 24 74 79 97 43 81 92 89 38 30 90 16 48 34 16 53
 67 31 95 46 73 93 14 64 44 86 89 49 72 95 11 61 55 38 33 46 91 92 48 84
 36 72 43 12 69 67 48 95 86 29 63 92 18 21 51 68 33 37 68 70 26 14 57 86
 71 33 29 41 91 99 83 69 10 18 20 18 56 45 88 89 64 59 16 59 39 44 64 69
 23 22 57 93 68 54 76 41 45 60 20 52 53 45 52 13 74 15 20 21 91 92 75 96
 44 24 96 39 29 51 74 21 31 31 37 93 83 27 50 89 20 59 78 23 40 92 16 97
 31 90 27 47 80 67 39 57 66 44 32 10 32 36 10 78 61 61 33 57 73 38 90 83
 56 72 64 90 64 58 61 17 61 73 74 98 63 59 85 57 26 48 56 69 97 98 62 35
 12 81 47 19 20 93 64 22 14 74 36 84 88 24 79 26 15 83 18 24 86 51 57 83
 50 86 91 76 70 96 21 98 25 93 35 55 82 46 42 14 22 33 15 99 51 32 69 37
 48 34 60 36 41 49 53 55 15 17 16 83 93 26 30 83 37 90 84 41 86 19 30 32
 15 19 31 38 51 60 56 92 62 83 76 75 27 35 45 35 76 18 76 63 28 96 48 15
 42 95 89 20 68 13 20 51 33 96 54 41 47 17 70 89 27 21 37 16]
