roll width:  [ 60  90  96 120]
roll_price:  [120 180 192 240]
demand_width_array:  [47 22 82 19 85 15 89 74 26 11 86 81 16 35 60 30 28 94 21 38 39 24 60 78
 97 97 96 23 19 17 73 71 32 67 11 10 70 91 18 98 23 57 82 40 81 13 80 31
 59 67 13 78 34 53 86 36 62 90 51 92 25 74 78 35 97 17 36 35 32 19 77 33
 37 47 67 93 48 18 42 44 20 33 25 97 35 81 84 72 56 42 98 33 65 75 87 13
 10 87 16 62 95 80 12 86 31 85 17 87 82 85 86 53 30 40 46 17 55 78 67 92
 23 20 33 91 17 34 84 30 42 22 75 70 34 92 12 20 64 92 96 80 76 81 58 64
 25 15 27 52 30 58 32 23 63 94 20 65 71 66 99 31 93 35 24 23 94 53 16 87
 66 69 25 34 19 76 81 63 79 46 31 50 87 59 57 87 50 88 55 97 26 38 55 77
 76 88 56 10 39 73 85 45]
demand_number_array:  [50 25 82 32 53 92 85 17 44 59 85 95 57 73 41 30 47 49 77 14 52 61 48 43
 68 77 79 98 78 56 80 93 41 76 90 62 86 60 14 73 89 59 49 56 18 60 25 18
 27 32 83 67 72 93 53 42 36 18 86 20 50 44 70 19 80 96 80 29 66 92 11 78
 50 91 71 80 28 94 97 32 53 62 84 82 26 65 31 53 90 50 80 84 47 69 27 25
 40 87 36 49 73 30 32 69 59 37 10 72 50 68 46 73 85 60 83 17 59 92 11 89
 59 50 56 69 83 88 42 26 31 53 68 31 59 73 93 61 18 96 98 21 11 53 79 69
 73 17 90 89 27 47 67 41 44 90 52 58 46 32 29 27 55 82 47 19 31 46 49 93
 46 50 29 66 18 88 59 61 37 77 89 12 32 15 15 92 22 16 54 15 26 79 62 72
 36 93 35 46 25 95 28 32]
