roll width:  [ 60  90  96 120]
roll_price:  [120 180 192 240]
demand_width_array:  [47 22 82 19 85 15 89 74 26 11 86 81 16 35 60 30 28 94 21 38 39 24 60 78
 97 97 96 23 19 17 73 71 32 67 11 10 70 91 18 98 23 57 82 40 81 13 80 31
 59 67 13 78 34 53 86 36 62 90 51 92 25 74 78 35 97 17 36 35 32 19 77 33
 37 47 67 93 48 18 42 44 20 33 25 97 35 81 84 72 56 42 98 33 65 75 87 13
 10 87 16 62 95 80 12 86 31 85 17 87 82 85 86 53 30 40 46 17 55 78 67 92
 23 20 33 91 17 34 84 30 42 22 75 70 34 92 12 20 64 92 96 80 76 81 58 64
 25 15 27 52 30 58 32 23 63 94 20 65 71 66 99 31 93 35 24 23 94 53 16 87
 66 69 25 34 19 76 81 63 79 46 31 50 87 59 57 87 50 88 55 97 26 38 55 77
 76 88 56 10 39 73 85 45 63 43 12 94 93 58 64 42 38 65 92 41 38 84 18 42
 18 94 87 60 89 51 74 93 34 30 54 25 40 24 29 36 96 17 63 57 70 44 42 29
 77 34 93 48 57 15 89 73 97 42 52 84 76 98 40 27 78 74 70 88 27 49 45 91
 38 32 48 51 84 87 80 35 58 60 72 54 64 10 96 26 29 19 61 20 78 33 24 73
 31 56 13 66 98 90 56 64 89 81 24 87 25 35 63 94 68 95 39 54 47 32 64 86
 22 69 36 86 81 97 49 53 86 48 79 43 53 36 66 79 83 62 99 37 53 11 92 36
 94 40 74 32 62 13 80 22 49 93 58 71 80 23 46 33 32 76 63 19 51 67 98 86
 92 21 46 26 40 94 67 45 51 91 12 95 46 56 90 37 82 38 12 23 51 46 50 28
 48 73 56 99 12 38 88 85 68 52 36 31 68 26 47 21 32 16 24 97 85 45 73 42
 59 10 32 80 46 28 37 38 62 60 56 17 95 26 39 21 71 24 40 18 50 58 40 33
 76 74 22 27 43 20 38 85 15 91 15 52 96 62 67 66 88 97 91 20 82 58 29 22
 35 87 26 14 98 37 60 78 13 68 22 12 86 71 25 84 22 28 40 69 15 26 70 53
 41 54 34 72 89 31 29 87 43 14 49 77 44 44 52 88 92 48 58 91 15 18 50 79
 15 17 88 47 88 43 37 61 87 40 53 56 19 77 13 77 64 73 90 38 47 74 47 28
 88 80 62 20 42 56 73 28 46 39 49 38 64 39 65 37 70 22 27 81 17 93 66 61
 42 86 72 61 40 32 15 32 86 32 28 39 28 62 41 59 93 55 61 96 25 81 58 38
 93 37 53 29 89 80 98 96 21 75 25 61 96 55 73 52 32 92 50 54 26 27 98 10
 92 81 24 46 36 42 11 58 98 32 44 31 78 77 58 28 21 21 62 86 78 55 74 99
 50 17 17 43 68 17 44 14 15 71 60 86 55 31 81 35 11 23 48 95 37 48 94 43
 11 41 48 38 85 41 61 76 77 42 84 42 15 10 47 82 53 34 26 51 34 31 37 56
 45 72 78 72 42 55 98 52 67 35 42 43 16 75 61 41 17 23 13 38 25 39 76 71
 93 68 92 44 40 67 59 56 93 51 30 50 60 14 19 10 31 84 31 43 48 47 53 43
 51 81 79 80 33 96 49 41 47 48 66 97 38 46 76 20 94 10 26 40 13 88 69 63
 79 59 84 56 37 43 82 78 49 42 17 43 72 24 87 53 71 95 46 22 63 36 92 22
 35 11 51 65 65 74 25 50 70 80 59 60 42 30 62 48 75 90 67 62 99 29 74 52
 57 31 11 99 48 22 28 87 87 98 93 49 25 47 46 11 42 40 17 60 60 42 53 51
 79 11 61 40 92 59 91 92 81 31 28 56 54 19 14 87 73 33 69 74 92 41 11 94
 88 78 64 35 93 37 66 18 65 86 56 59 21 18 71 84 33 98 99 92 92 15 52 56
 31 61 83 52 23 28 33 55 62 43 64 24 67 71 50 82 75 32 12 96 11 82 61 81
 97 87 72 58 10 52 49 13 67 53 63 53 84 85 69 76 84 15 36 77 41 21 13 64
 11 23 69 66 91 18 48 14 80 86 83 15 89 94 69 41 17 76 42 56 85 92 54 74
 47 57 83 94 25 75 62 79 76 99 38 29 27 15 89 20 39 27 91 56 17 27 96 71
 74 17 39 65 38 53 65 15 60 73 62 44 93 87 47 99 64 14 53 21 39 86 99 42
 60 61 52 33 99 53 98 38 74 96 68 98 61 32 20 41]
demand_number_array:  [50 25 82 32 53 92 85 17 44 59 85 95 57 73 41 30 47 49 77 14 52 61 48 43
 68 77 79 98 78 56 80 93 41 76 90 62 86 60 14 73 89 59 49 56 18 60 25 18
 27 32 83 67 72 93 53 42 36 18 86 20 50 44 70 19 80 96 80 29 66 92 11 78
 50 91 71 80 28 94 97 32 53 62 84 82 26 65 31 53 90 50 80 84 47 69 27 25
 40 87 36 49 73 30 32 69 59 37 10 72 50 68 46 73 85 60 83 17 59 92 11 89
 59 50 56 69 83 88 42 26 31 53 68 31 59 73 93 61 18 96 98 21 11 53 79 69
 73 17 90 89 27 47 67 41 44 90 52 58 46 32 29 27 55 82 47 19 31 46 49 93
 46 50 29 66 18 88 59 61 37 77 89 12 32 15 15 92 22 16 54 15 26 79 62 72
 36 93 35 46 25 95 28 32 24 74 79 97 43 81 92 89 38 30 90 16 48 34 16 53
 67 31 95 46 73 93 14 64 44 86 89 49 72 95 11 61 55 38 33 46 91 92 48 84
 36 72 43 12 69 67 48 95 86 29 63 92 18 21 51 68 33 37 68 70 26 14 57 86
 71 33 29 41 91 99 83 69 10 18 20 18 56 45 88 89 64 59 16 59 39 44 64 69
 23 22 57 93 68 54 76 41 45 60 20 52 53 45 52 13 74 15 20 21 91 92 75 96
 44 24 96 39 29 51 74 21 31 31 37 93 83 27 50 89 20 59 78 23 40 92 16 97
 31 90 27 47 80 67 39 57 66 44 32 10 32 36 10 78 61 61 33 57 73 38 90 83
 56 72 64 90 64 58 61 17 61 73 74 98 63 59 85 57 26 48 56 69 97 98 62 35
 12 81 47 19 20 93 64 22 14 74 36 84 88 24 79 26 15 83 18 24 86 51 57 83
 50 86 91 76 70 96 21 98 25 93 35 55 82 46 42 14 22 33 15 99 51 32 69 37
 48 34 60 36 41 49 53 55 15 17 16 83 93 26 30 83 37 90 84 41 86 19 30 32
 15 19 31 38 51 60 56 92 62 83 76 75 27 35 45 35 76 18 76 63 28 96 48 15
 42 95 89 20 68 13 20 51 33 96 54 41 47 17 70 89 27 21 37 16 27 41 16 15
 22 79 34 19 43 62 43 55 68 72 99 15 61 53 22 74 13 79 17 48 12 74 39 87
 88 86 43 58 62 60 82 75 51 50 96 71 16 46 23 55 12 72 12 13 20 73 33 93
 26 88 72 44 38 27 79 92 76 42 70 85 15 82 18 59 26 39 60 60 96 31 16 88
 71 61 85 26 54 22 34 68 58 60 59 63 22 50 41 98 98 80 31 89 65 94 22 92
 17 96 50 36 83 48 65 49 77 85 53 39 37 20 98 52 53 46 58 35 62 53 94 42
 14 92 63 63 74 57 90 50 59 73 22 52 13 26 12 82 35 63 92 49 12 61 60 67
 98 45 74 11 81 34 26 36 62 85 44 23 38 92 29 59 93 84 95 81 86 36 56 86
 33 35 80 45 14 18 13 67 16 57 95 11 87 50 39 84 38 80 85 96 64 20 40 22
 90 99 47 26 59 95 53 89 70 12 95 32 89 92 70 84 36 32 59 36 96 97 45 18
 28 72 52 18 54 88 53 93 18 56 34 12 41 39 71 38 36 22 82 71 20 83 57 79
 31 22 52 87 64 93 20 20 51 29 23 17 10 54 66 42 87 98 26 97 42 66 66 11
 16 15 49 61 15 12 69 83 45 91 38 93 24 77 71 93 21 87 15 94 21 12 58 72
 68 84 44 67 86 15 84 15 67 98 62 44 85 74 21 57 91 84 46 16 82 80 62 29
 60 49 62 29 99 90 44 61 74 27 11 51 96 31 61 62 71 43 99 67 65 52 12 60
 87 19 76 17 11 50 44 40 66 92 67 38 71 28 99 24 96 51 72 32 69 49 90 65
 75 69 49 59 16 35 45 70 56 73 88 60 63 11 16 85 36 26 97 91 90 73 94 39
 66 74 37 28 53 37 97 80 75 67 53 17 46 96 57 58 38 53 25 63 25 20 26 71
 75 89 81 32 73 97 23 30 36 56 83 14 60 22 82 35 49 69 69 63 85 16 10 21
 92 79 49 29 71 80 34 59 92 11 97 59 30 50 87 55 10 45 20 47 74 52 54 22
 76 92 76 56 31 41 43 51 49 18 96 59 56 72 65 35 14 10 28 87 84 18 96 70
 20 95 15 73 23 95 90 74 29 83 93 41 63 33 52 51]
