roll width:  [ 60  90  96 120]
roll_price:  [120 180 192 240]
demand_width_array:  [47 22 82 19 85 15 89 74 26 11 86 81 16 35 60 30 28 94 21 38 39 24 60 78
 97 97 96 23 19 17 73 71 32 67 11 10 70 91 18 98 23 57 82 40 81 13 80 31
 59 67 13 78 34 53 86 36 62 90 51 92 25 74 78 35 97 17 36 35 32 19 77 33
 37 47 67 93 48 18 42 44 20 33 25 97 35 81 84 72 56 42 98 33 65 75 87 13
 10 87 16 62]
demand_number_array:  [50 25 82 32 53 92 85 17 44 59 85 95 57 73 41 30 47 49 77 14 52 61 48 43
 68 77 79 98 78 56 80 93 41 76 90 62 86 60 14 73 89 59 49 56 18 60 25 18
 27 32 83 67 72 93 53 42 36 18 86 20 50 44 70 19 80 96 80 29 66 92 11 78
 50 91 71 80 28 94 97 32 53 62 84 82 26 65 31 53 90 50 80 84 47 69 27 25
 40 87 36 49]
