count:  500
roll width:  [12000]
roll_price:  [5]
demand_width_array:  [3146 3196 2019 2020 2190 2150 2200 2251 3221 3282 3227 3237 3277 3513
 3598 3682 3695 3778 3954 3966 1900 1884 1954 1908 2073 2121 2054 2064
 2045 2070 2105 2115 2125 2169 2130 2155 2205 2225 2235 2219 2209 2224
 2234 2250 2251 2266 2296 2306 2316 2385 2436 2413 2473 2523 2484 2494
 2514 2524 2534 2544 2554 2564 2574 2509 2519 2529 2579 2514 2524 2534
 2544 2554 2574 2594 2614 2554 2654 2664 2684 2704 2714 2724 2734 2715
 2735 2714 2724 2734 2754 2784 2794 2789 3009 3023 3068 3069 3089 3099
 3134 3049 3125 3054 3074 3084 3094 3104 3114 3124 3134 3144 3164 3166
 3176 3186 3196 3206 3216 3223 3234 3271 3281 3291 3301 3221 3286 3264
 3274 3284 3294 3304 3314 3338 3348 3312 3174 3199 3258 3358 3396 3354
 3364 3351 3361 3314 3334 3351 3361 3381 3391 3412 3374 3384 3394 3404
 3414 3346 3376 3416 3321 3331 3383 3403 3413 3375 3385 3373 3359 3369
 3389 3399 3409 3419 3429 3401 3424 3444 3282 3322 3347 3367 3377 3387
 3397 3407 3417 3427 3464 3474 3484 3416 3426 3431 3441 3451 3461 3471
 3481 3477 3466 3486 3496 3409 3429 3442 3462 3472 3482 3426 3456 3418
 3428 3438 3458 3468 3478 3488 3411 3421 3431 3444 3484 3494 3514 3466
 3476 3454 3484 3451 3471 3481 3491 3501 3511 3521 3531 3541 3452 3472
 3492 3502 3484 3494 3514 3534 3496 3516 3417 3427 3527 3488 3498 3451
 3435 3475 3559 3569 3579 3599 3524 3554 3574 3515 3535 3555 3467 3477
 3487 3507 3517 3527 3537 3547 3557 3567 3577 3519 3549 3530 3540 3550
 3560 3570 3580 3590 3600 3610 3503 3523 3526 3566 3576 3586 3596 3606
 3557 3587 3548 3558 3578 3588 3591 3611 3516 3546 3586 3596 3558 3578
 3588 3608 3618 3504 3514 3524 3534 3539 3576 3586 3526 3566 3613 3538
 3578 3588 3598 3608 3618 3628 3638 3648 3658 3668 3599 3609 3619 3629
 3639 3649 3659 3669 3573 3583 3593 3603 3613 3623 3633 3653 3589 3600
 3610 3620 3630 3640 3650 3660 3670 3680 3637 3657 3612 3622 3652 3620
 3650 3660 3690 3700 3651 3661 3655 3665 3685 3609 3689 3594 3604 3614
 3624 3634 3644 3654 3664 3674 3684 3694 3704 3714 3724 3734 3695 3705
 3735 3636 3646 3656 3666 3676 3686 3696 3706 3716 3726 3736 3628 3701
 3711 3666 3676 3669 3679 3689 3699 3709 3719 3729 3739 3749 3703 3623
 3663 3673 3683 3693 3703 3713 3723 3733 3743 3753 3763 3658 3668 3678
 3688 3698 3708 3718 3728 3738 3748 3675 3685 3695 3705 3715 3725 3735
 3745 3755 3765 3775 3731 3741 3751 3761 3771 3781 3742 3752 3775 3717
 3727 3711 3731 3783 3793 3735 3755 3765 3785 3776 3739 3804 3809 3794
 3804 3720 3750 3760 3770 3780 3790 3800 3810 3820 3830 3840 3850 3744
 3754 3764 3774 3784 3794 3804 3814 3824 3834 3762]
demand_number_array:  [  2   2   1   1   2   4  37   8   4   2   2   2   4   8   8   1   1   2
   2   2   1   1   1   1   1   1   5   3   2   3   1   2   2   2   1   1
   1   3   1   1  18   4   1   2  38   3   3  18  11   2   1   1   1   1
   3   1   3   1   2   3   1   3   1   1   1   1   1   1   3   5   6   3
   3   1   2   1   1   1   3   1  12   4   2   1   3   1   2   1   2   1
   1   1   1   1   1   2   1   3   1   2   1   2   6   5   2   3   3   2
   1   2   2   2   7   3   1   1   1   1   1   4   2   3   4   1   1   1
   3   4   2   1   1   1   1   4   2   2   1   4   1   1   1   2   2   2
   1   1   1   1   1   2   2  20   6  42  18   1   1   2   1   1   3   3
   1   1   1   1   8   6   9   5   5   2   1   2   1   2   1   2   8   9
   8  10  30  32   4   1   6   2   1   2   4   2   1  37  58  18   4   3
   1   1   1   1   1   1   1   1   1   1   1   3   7  13   1   5  34  20
   5   1   1   1   1   2   1   1   1   2   2   1   4  16  16   8  13  22
  33  17   1   1   5  15   3   3   3   1   1   1   1   3   2   2   2   2
   1   1   1   2   5   1   1   2   1   1   1   1   4   1   1  27  34   2
  19  14  40  55   2   1   2   4   8  32  21   8   8  26  42  28   1   1
   2   1   1   1   1   2   1   2   1   1   1   2   1   1   2   3   2   1
   1   1   1   2   2   1   3   4   4   6   3   7   1   1   8  18  33  10
  27  11  20  21  14  31  37  34   4   4  26  13  17  17  48  13   3   3
   1  20  49  11  14  10   1   2  19  46  54  50  32  67  53  46   2   2
   2   1   1   3   1   1   1   1   1   3   1   1   1   2   1   7   2  70
  43 135 144 187 189  30 363 335 291  46 241  19   1   2   2  16  14  19
  10  23 105  41  48  22  13  19   2   1   2   9   9   3   4   2  10  18
  33  19   5   2   4  18  67  11   8   9   2   7  49  11  42  78   2   3
  12  30  49  10  27  11   2   8  12   1   2   2   6  17  33  59  47  69
  81 122   3  11  50  40  42   2   1   1   1   1   1   1   1   5   4   3
   1   1   3   2   1   2   1   2   2   1  33  15   1  36   3   1   1  63
  39  88   2   3   8  19  23  23  13  16   6   4   6   4]
