count:  227
roll width:  [12000]
roll_price:  [5]
demand_width_array:  [3367 3377 3387 3397 3418 3428 3438 3448 3460 3470 3480 3490 3500 3440
 3492 2057 2377 2442 2452 2473 2483 2493 2503 2897 2934 2944 2954 2964
 2974 2977 3109 3161 3122 3132 3159 3165 3175 3185 3195 3226 3246 3264
 3284 3294 3257 3305 3315 3325 3407 3378 3388 3398 3408 3418 3445 3377
 3387 3392 3397 3402 3407 3412 3422 3432 3442 3452 3462 3472 3482 3492
 3502 3364 3389 3399 3409 3414 3424 3434 3444 3454 3464 3474 3484 3494
 3504 3509 3482 3512 3620 3639 3628 3638 3646 3726 3736 3746 3756 3766
 3749 3720 3740 3750 3760 3728 3738 3748 3758 3768 3778 3827 3837 3847
 3857 3831 3841 3784 3839 3849 3869 3877 3887 3867 3942 3117 3158 3168
 3210 3220 3174 3247 3298 3702 3705 3715 3790 3815 3823 2436 2446 2476
 2986 3086 3096 3114 3124 3264 3376 3416 3426 3446 3456 3382 3392 3348
 3383 3393 3138 3148 3144 3154 3288 3340 3625 3635 3633 3643 3790 3800
 3852 3805 3751 3803 3813 3865 3084 3234 3366 3386 3396 3416 3426 3363
 3746 3758 3087 3138 3144 3227 3278 3288 3330 3558 3572 3620 3672 3677
 3633 3685 3729 3739 3780 3790 3842 3795 3741 3751 3803 3855 2266 2276
 2306 2426 3046 3056 3224 3234 3306 3331 3376 3386 3396 3406 3416 3736
 3740 3748 3851]
demand_number_array:  [  1  11   4   1   2  18  17  30   1   2   5   9   9  14   2   1   2   2
   1   4   7   5  23   1   3   4   7  14   5   1   2   1   2   2   2   9
   7   4  10   1  41   2   3   5   6   4  16   3   1   4   2  26  40  10
   1   6  16   5  35  14  24  88  72 106  78 121  60  12  17  26  33   1
   4  29  16   2   3  11  12  20  49  16  69 113  47   1   1   4   1   1
   2   1   8   1  20  33   6   1   2   5  14  15   4   2   8  38  41  11
   2   6   5  15   3  12   4   1  18  11   8   3   1   1   3   3   3   8
   1   2   4   3   2   1   1   2   1   1   1   1   1   4   1   1   1   3
   1   1   1   2   2   3   3   2  12   1   1   2   3   4   2   2   6   1
   1   1   1   1   1   2   3   2   1   1   6   3   4   7   1   2   2  14
   2   2   2   2   5   6   6   6  21   2   4   1   1   2   3   2   4   2
   3   2   2  15   5   5   2   2  18   5   1   3   3   4   1   1   6   8
   1   2  12   2   8  16  29   2   2  14   3]
