count:  413
roll width:  [12000]
roll_price:  [5]
demand_width_array:  [3772 3782 3792 3802 3812 3822 3832 3842 3852 3862 3808 3818 3828 3838
 3848 3858 3868 3830 3789 3799 3819 3839 3849 3842 3834 3844 3742 3802
 3812 3842 3852 3872 3879 3889 3756 3861 3871 3881 3813 3868 3878 3888
 3898 3908 3918 3928 3938 3842 3852 3862 3872 3882 3892 3902 3912 3922
 3821 3850 3860 3880 3890 3900 3910 3920 3930 3940 3950 3917 3927 3937
 3947 3957 3941 3916 3936 3946 3933 3953 3991 3839 3938 3948 3958 3968
 3978 3988 3998 4008 4018 3932 3942 3952 3962 3972 3982 3992 4002 4012
 3930 3940 3950 3960 3970 3980 3990 4000 4010 4020 4030 4017 4027 4037
 4047 4023 4033 4036 4046 4064 4074 3934 3979 3989 3999 4009 4019 4029
 4039 4049 4059 4069 4079 4089 4099 4003 4033 4043 4053 4063 4073 4083
 3976 3991 4001 4011 4021 4031 4041 4051 4061 4071 4081 4091 4101 4111
 4069 4089 4099 4109 4119 4129 4139 4150 4069 4094 4104 4114 4124 4134
 4154 4164 4174 4184 4194 4204 4214 3219 3270 3683 1860 1910 2141 2410
 2690 2700 2710 2720 3111 3178 3257 3267 3330 3357 3341 3351 3268 3278
 3363 3403 3410 3420 3342 3394 3404 3414 3424 3434 3454 3464 3474 3440
 3420 3447 3467 3487 3497 3507 3458 3510 3433 3443 3447 3503 3513 3523
 3533 3543 3499 3583 3584 3594 3572 3574 3624 3634 3644 3589 3609 3619
 3629 3639 3615 3606 3616 3626 3646 3656 3638 3669 3679 3612 3622 3663
 3681 3691 3635 3610 3630 3650 3660 3670 3690 3700 3710 3720 3730 3651
 3661 3671 3681 3691 3632 3642 3652 3662 3672 3682 3692 3624 3665 3675
 3685 3695 3705 3715 3661 3671 3681 3701 3708 3743 3717 3721 3745 3700
 3753 3773 3706 3716 3760 3770 3790 3846 3856 3841 3858 3868 3798 3828
 3883 3834 3844 3854 3864 3874 3904 3828 3838 3848 3858 3868 3898 3866
 3876 3886 3896 3906 3916 3926 3936 3933 3927 3939 3944 3954 3964 3974
 3994 3938 3978 3988 3998 4008 3946 3956 3966 3976 3986 3996 4006 4013
 4023 4024 4025 4035 4045 4055 4065 4029 4039 4049 4059 4027 4037 4047
 4057 4067 4077 4087 4075 4095 4105 4115 4160 4170 4180 3680 2404 2544
 3179 3414 3507 3517 3527 3583 3590 3600 3610 3630 3640 3650 3663 3675
 3594 3669 3679 3689 3747 3830 3867 3848 3832 3842 3862 3872 3870 3880
 3970 3990 3997 4011 4031 4059 4069]
demand_number_array:  [  8  12   3  18  47  52  57  55 148  97   2   2  10  32  24  26   1   1
   1   1   2   1   1   1   1   1   1   1   1   4   3   2   1   2   1   2
   1   1   1  13  13  16  17  20  46  51   5   1   3   3   5  25  10   3
   9   6   1   4  10  13  19  40  26  40  29  87  73   4  16  22  33  14
   2   1   1   1   2   6   2   2   1   8   9  33   9  15  40  21  20   1
   2  22  17   7  17  15  13   3   2   3   4  24  29  81  35  37  72  55
  39   3  27  38   8   3   3   4   7   1   2   2   1   1   7   6   9   1
   8   2   9  27  18  23   1   2   7   5   4   4  12  18   1   1   1   5
   1   7   4  28   7  25  39  45  32  15   1   5  17  11  21  18   2   2
   1   1   1   1   3   2   2   2  13   5   4   8   2   4   2   5   1   1
   1   1   1   5   7   1   2   1   3   1   1   2   2   2  12   1   8   3
   1   1   1   1   1  18   5   3   5   2   4   1   1   3   8   2   1   3
   1   1   2   1   2   1   6   4   8  14   2   2   1   2   2   1   6  16
   2   4   5   2   1   1   1   7   6   1  16  22   1   2   1   1   1   1
   2   2   1  13   7   6   3  21  10  23  16  14  16   1   2   1   3   6
   1   2   3   3   9  10   6   2   2   5   1   5   4   3   2   1   2   4
   1   1   1   1   1   1   1   2  22   5   2   6   1   1   1   1   3   2
   1   1   2   9  15   4   5   1   3   2   2   2   2   9   2   2  12   7
   7  18   2   5   3   1   1   1   2   8  15   1   1   1   1   1   2   1
   5   1   5   2   3   4   4  18   3   1   2   5  11   4   1   6   2   2
   1   1   7   7   2  12   4   1   4   2   6   1   3   6   3   2   1   1
   1   1   3   3   2   1   2   5   1   1   2   2   1   1   2   4   2   4
   3   1   1   2   2   3   4   2   2   1   1   1   1   1   1   1   5]
