913
52544
47272	1
47266	1
47246	1
47240	1
47236	1
47204	1
47172	1
47166	1
47136	1
47092	1
47088	1
47076	1
47062	1
47046	1
47030	1
47010	1
46998	1
46996	1
46980	1
46960	1
46920	1
46918	1
46894	1
46886	1
46884	1
46854	1
46820	1
46816	1
46792	1
46788	1
46762	1
46746	1
46724	1
46712	1
46622	1
46618	1
46608	1
46588	1
46536	1
46492	1
46468	1
46446	1
46442	1
46440	1
46430	1
46406	1
46380	1
46356	1
46320	1
46280	1
46240	1
46220	1
46194	1
46162	1
46136	1
46090	1
46084	1
46060	1
45968	1
45894	1
45882	1
45860	1
45816	1
45812	1
45806	1
45790	1
45748	1
45701	1
45688	1
45673	1
45655	1
45648	1
45589	1
45576	1
45575	1
45536	1
45530	1
45492	1
45470	1
45460	1
45426	1
45361	1
45354	1
45317	1
45273	1
45264	1
45228	1
45208	1
45189	1
45153	1
45144	1
45137	1
45098	1
45066	1
45057	1
44993	1
44972	1
44962	1
44944	1
44940	1
44907	1
44876	1
44834	1
44832	1
44759	1
44748	1
44747	1
44737	1
44684	1
44632	1
44620	1
44604	1
44588	1
44536	1
44526	1
44492	1
44473	1
44400	1
44384	1
44332	1
44312	1
44310	1
44300	1
44264	1
44262	1
44237	1
44236	1
44217	1
44193	1
44185	1
44173	1
43980	1
43958	1
43930	1
43916	1
43893	1
43892	1
43888	1
43881	1
43698	1
43640	1
43634	1
43618	1
43596	1
43576	1
43541	1
43521	1
43497	1
43493	1
43489	1
43488	1
43477	1
43305	1
43226	1
43212	1
43202	1
43194	1
43180	1
43168	1
43152	1
43057	1
43045	1
42900	1
42894	1
42873	1
42856	1
42744	1
42727	1
42636	1
42539	1
42416	1
42400	1
42358	1
42342	1
42309	1
42298	1
42260	1
42137	1
42048	1
41980	1
41916	1
41896	1
41781	1
41777	1
41752	1
41696	1
41694	1
41646	1
41642	1
41529	1
41360	1
41196	1
41067	1
41003	1
40940	1
40858	1
40842	1
40744	1
40724	1
40648	1
40608	1
40488	1
40371	1
40359	1
40332	1
40328	1
40240	1
40187	1
40184	1
40123	1
40076	1
39898	1
39834	1
39786	1
39578	1
39328	1
39315	1
39299	1
39292	1
39291	1
39275	1
39251	1
39246	1
39036	1
39021	1
38896	1
38768	1
38680	1
38616	1
38610	1
38608	1
38584	1
38552	1
38424	1
38418	1
38388	1
38360	1
38044	1
37993	1
37961	1
37792	1
37713	1
37218	1
37202	1
37154	1
37138	1
36946	1
36860	1
36720	1
36552	1
36540	1
36528	1
36488	1
36487	1
36423	1
36268	1
36262	1
35984	1
35936	1
35756	1
35500	1
35450	1
34902	1
34875	1
34831	1
34571	1
34283	1
34248	1
34184	1
34152	1
34120	1
34032	1
33992	1
33928	1
33855	1
33804	1
33740	1
33696	1
33658	1
33484	1
33392	1
32998	1
32640	1
32624	1
32497	1
31900	1
31793	1
31696	1
31684	1
31258	1
31176	1
31048	1
31008	1
30920	1
30856	1
30808	1
30714	1
30320	1
30304	1
30199	1
30194	1
30062	1
29484	1
29319	1
29255	1
29228	1
28420	1
28240	1
27496	1
27432	1
27424	1
27190	1
26822	1
26678	1
26502	1
26440	1
26416	1
26352	1
26344	1
26336	1
26312	1
26294	1
26292	1
26288	1
26280	1
26278	1
26277	1
26276	1
26274	1
26273	1
25984	1
25496	1
24312	1
24112	1
23920	1
23262	1
23168	1
22700	1
21896	1
21894	1
21893	1
21892	1
21891	1
21878	1
21864	1
21856	1
21776	1
21728	1
21702	1
21695	1
21558	1
21438	1
21130	1
20960	1
20936	1
20888	1
20610	1
20272	1
20108	1
19984	1
19456	1
19436	1
19355	1
19220	1
18738	1
18696	1
18621	1
18496	1
18194	1
18120	1
18088	1
18024	1
17952	1
17816	1
17742	1
17636	1
17392	1
17388	1
17293	1
16707	1
16624	1
16290	1
15984	1
15884	1
15742	1
15712	1
15676	1
15671	1
15620	1
15575	1
15528	1
15516	1
15464	1
15440	1
15368	1
15336	1
15304	1
15256	1
15219	1
14979	1
14930	1
14725	1
14246	1
14204	1
13856	1
13808	1
13570	1
13564	1
13435	1
13424	1
13384	1
13381	1
13360	1
13340	1
13336	1
13232	1
13200	1
13122	1
13076	1
13002	1
12842	1
12826	1
12774	1
12361	1
12320	1
12153	1
12127	1
12084	1
11946	1
11832	1
11804	1
11768	1
11672	1
11640	1
11614	2
11608	1
11560	1
11376	1
11271	1
11260	1
11082	1
11079	1
11059	1
11047	1
11044	1
11040	1
11039	1
11025	1
10634	1
10594	1
10542	1
10536	1
10396	1
10351	1
10344	1
10299	1
10256	1
10184	1
10180	1
10155	1
10145	1
10056	1
9952	1
9934	1
9920	1
9852	1
9848	1
9754	1
9742	1
9696	1
9676	1
9619	1
9565	1
9460	1
9328	1
9181	1
9086	1
9075	1
9042	1
9000	1
8973	1
8888	1
8860	1
8804	1
8673	1
8608	1
8572	1
8542	1
8531	1
8502	1
8490	1
8480	1
8471	1
8464	1
8339	1
8303	1
8286	1
8260	1
8181	1
8168	1
8088	1
8064	1
8061	1
8044	1
8042	1
7917	1
7907	1
7856	1
7804	1
7794	1
7786	1
7780	1
7766	1
7761	1
7701	1
7608	1
7584	1
7557	1
7541	1
7503	1
7480	1
7460	1
7454	1
7442	1
7432	1
7426	1
7232	1
7221	1
7216	1
7212	1
7211	1
7205	1
7196	1
7182	1
7140	1
6977	1
6961	1
6941	1
6924	1
6923	1
6904	1
6902	1
6876	1
6862	1
6844	1
6820	1
6816	1
6800	1
6727	1
6716	1
6682	1
6680	1
6636	1
6620	1
6604	1
6600	1
6592	1
6556	1
6507	1
6500	1
6499	1
6489	1
6468	1
6432	1
6426	1
6396	1
6365	1
6352	1
6322	1
6293	1
6241	1
6234	1
6206	1
6181	1
6173	1
6168	1
6131	1
6120	1
6100	1
6096	1
6061	1
6023	1
5994	1
5987	1
5934	1
5908	1
5898	1
5884	1
5856	1
5846	1
5816	1
5809	1
5797	1
5776	1
5748	1
5741	1
5727	1
5720	1
5703	1
5668	1
5630	1
5618	1
5612	1
5608	1
5572	1
5554	1
5542	1
5488	1
5470	1
5388	1
5382	1
5352	1
5322	1
5294	1
5280	1
5276	1
5268	1
5224	1
5200	1
5164	1
5140	1
5118	1
5096	1
5086	1
5082	1
5068	1
5044	1
5016	1
4976	1
4964	1
4942	1
4938	1
4892	1
4872	1
4834	1
4832	1
4822	1
4808	1
4804	1
4772	1
4742	1
4724	1
4718	1
4710	1
4696	1
4690	1
4656	1
4628	1
4622	1
4614	1
4598	1
4582	1
4570	1
4564	1
4560	1
4548	1
4512	1
4484	1
4482	1
4452	1
4428	1
4424	1
4418	1
4408	1
4402	1
4378	1
4376	3
4372	1
4368	2
4352	2
4340	1
4308	1
4284	1
4224	1
4176	1
4160	2
4032	2
4016	1
3880	1
3870	1
3840	1
3744	1
3724	1
3636	1
3616	1
3600	2
3584	1
3552	2
3544	1
3472	1
3458	1
3456	2
3340	1
3296	1
3256	1
3176	1
3168	1
3144	1
3136	1
3128	1
3120	1
3114	1
3088	2
3072	1
3056	3
3042	1
3040	1
3008	1
3004	1
2994	1
2944	1
2880	1
2848	1
2840	1
2800	1
2752	2
2712	3
2686	1
2676	1
2672	1
2664	1
2656	2
2624	1
2608	1
2596	1
2564	2
2552	1
2470	1
2432	1
2430	1
2424	1
2416	1
2368	1
2352	3
2336	1
2320	4
2304	1
2272	1
2252	1
2248	1
2240	1
2220	1
2216	1
2214	1
2210	1
2208	1
2206	2
2204	1
2180	1
2176	1
2124	1
2116	1
2104	1
2080	1
2072	1
2070	1
2058	1
2048	1
2042	1
2032	2
2030	1
2028	1
2016	1
2000	1
1984	1
1968	1
1952	1
1948	1
1944	1
1928	1
1922	1
1912	1
1888	1
1856	1
1834	1
1816	1
1808	1
1794	1
1792	2
1768	1
1760	2
1740	1
1734	1
1712	1
1704	2
1700	1
1696	1
1688	1
1666	1
1664	2
1648	1
1636	1
1632	1
1610	1
1608	1
1600	2
1594	1
1582	1
1580	1
1560	1
1556	2
1552	2
1538	1
1536	1
1510	1
1506	1
1500	1
1488	2
1484	2
1472	2
1442	1
1440	3
1432	2
1424	1
1408	1
1394	1
1392	1
1390	1
1386	1
1384	2
1380	1
1376	1
1372	1
1368	2
1360	1
1352	1
1344	3
1336	2
1328	1
1320	3
1312	1
1304	1
1300	1
1298	1
1296	2
1294	1
1284	1
1280	1
1272	3
1260	1
1258	1
1248	1
1246	1
1244	1
1240	1
1234	1
1232	1
1224	1
1216	2
1210	2
1204	1
1196	2
1184	2
1176	2
1168	2
1160	1
1158	1
1154	1
1152	3
1148	1
1144	1
1140	1
1136	1
1128	1
1124	1
1120	4
1112	1
1108	2
1104	1
1088	1
1072	2
1060	1
1056	2
1048	1
1040	1
1024	4
1020	1
1016	2
1008	3
992	2
984	2
964	2
960	3
952	2
948	1
944	1
940	2
936	2
928	2
924	1
920	2
916	2
912	1
904	2
896	4
888	2
880	3
876	1
864	1
784	1
768	2
748	1
736	1
704	3
672	1
644	1
640	1
624	1
552	2
512	1
352	1
320	1
300	1
