910
64832
58337	1
58336	1
58266	1
58263	1
58241	1
58170	1
58168	1
58145	1
58122	1
58076	1
58058	1
58028	1
58011	1
58000	1
57964	1
57952	1
57932	1
57922	1
57852	1
57842	1
57800	1
57796	1
57794	1
57769	1
57753	1
57746	1
57744	1
57696	1
57682	1
57666	1
57657	1
57602	1
57593	1
57557	1
57458	1
57456	1
57448	1
57424	1
57420	1
57369	1
57362	1
57356	1
57320	1
57312	1
57298	1
57287	1
57240	1
57204	1
57130	1
57120	1
57111	1
57072	1
57045	1
57040	1
57015	1
56986	1
56979	1
56928	1
56922	1
56920	1
56901	1
56828	1
56754	1
56743	1
56690	1
56680	1
56644	1
56616	1
56592	1
56575	1
56552	1
56535	1
56517	1
56514	1
56480	1
56472	1
56430	1
56414	1
56400	1
56384	1
56377	1
56352	1
56318	1
56302	1
56172	1
56137	1
56108	1
56104	1
56088	1
55968	1
55957	1
55909	1
55892	1
55856	1
55792	1
55709	1
55702	1
55686	1
55640	1
55585	1
55558	1
55542	1
55521	1
55520	1
55508	1
55486	1
55478	1
55473	1
55449	1
55446	1
55398	1
55384	1
55382	1
55377	1
55353	1
55350	1
55334	1
55333	1
55324	1
55302	1
55286	1
55238	1
55237	1
55190	1
55162	1
55144	1
55080	1
55073	1
55056	1
54944	1
54888	1
54864	1
54769	1
54757	1
54752	1
54704	1
54632	1
54560	1
54558	1
54532	1
54500	1
54405	1
54388	1
54321	1
54304	1
54212	1
54206	1
54198	1
54190	1
54184	1
54151	1
54125	1
54116	1
54072	1
53968	1
53816	1
53800	1
53792	1
53776	1
53767	1
53631	1
53578	1
53483	1
53368	1
53343	1
53112	1
53050	1
53034	1
53022	1
53020	1
52848	1
52832	1
52799	1
52780	1
52731	1
52712	1
52656	1
52572	1
52448	1
52396	1
52394	1
52382	1
52363	1
52344	1
52301	1
52188	1
52024	1
51916	1
51840	1
51832	1
51744	1
51626	1
51614	1
51612	1
51549	1
51437	1
51397	1
51373	1
51312	1
51277	1
51260	1
51244	1
51148	1
51132	1
51120	1
51105	1
51096	1
50975	1
50960	1
50720	1
50706	1
50690	1
50520	1
50508	1
50400	1
49976	1
49967	1
49760	1
49598	1
49582	1
49579	1
49456	1
49356	1
49296	1
49292	1
49243	1
49176	1
49100	1
49083	1
49075	1
49067	1
49036	1
48908	1
48800	1
48787	1
48691	1
48668	1
48536	1
48266	1
48254	1
47840	1
47508	1
47472	1
47456	1
47320	1
47301	1
47280	1
47252	1
47225	1
47217	1
47215	1
47148	1
46992	1
46688	1
46674	1
46658	1
46312	1
46304	1
45984	1
45457	1
45455	1
45324	1
45096	1
45004	1
44916	1
44848	1
44758	1
44746	1
44528	1
44304	1
44080	1
43640	1
43360	1
43343	1
43335	1
42976	1
42644	1
42596	1
42592	1
42468	1
42462	1
42450	1
42361	1
41896	1
41376	1
41296	1
41152	1
41096	1
41040	1
40912	1
40799	1
40720	1
40160	1
39836	1
39710	1
39708	1
39694	1
39688	1
39629	1
39496	1
39240	1
38752	1
37984	1
37755	1
37104	1
37024	1
36976	1
36920	1
36912	1
36404	1
36402	1
36396	1
36386	1
36359	1
36351	1
36168	1
35360	1
33312	1
32488	1
32480	1
32464	1
32456	1
32436	1
32432	1
32424	1
32422	1
32421	1
32420	1
32418	1
32417	1
31936	1
28288	1
27024	1
27016	1
27014	1
27013	1
27012	1
27011	1
27010	1
27004	1
26992	1
26984	1
26976	1
26968	1
26272	1
25609	1
24608	1
24064	1
23896	1
23735	1
23706	1
23700	1
23694	1
23692	1
23472	1
23368	1
23280	1
23272	1
23216	1
23200	1
23120	1
22565	1
22432	1
22144	1
22040	1
21896	1
21792	1
21128	1
21003	1
20950	1
20940	1
20938	1
20836	1
20576	1
20112	1
20048	1
20029	1
19840	1
19632	1
19552	1
19408	1
19128	1
18727	1
18654	1
18644	1
18642	1
18592	1
18532	1
18492	1
18272	1
17952	1
17915	1
17909	1
17672	1
17136	1
16944	1
16742	1
16730	1
16656	1
16636	1
16604	1
16524	1
16456	1
16260	1
16149	1
16147	1
15712	1
15456	1
15448	1
15146	1
15136	1
15134	1
14896	1
14740	1
14681	2
14673	1
14663	1
14640	1
14611	1
14600	1
14500	1
14496	1
14480	1
14444	1
14228	1
14176	1
13818	1
13806	1
13592	1
13451	1
13408	1
13371	1
13276	1
13164	1
13139	1
13131	1
13116	1
13048	1
12991	1
12976	1
12956	1
12900	1
12823	1
12816	1
12788	1
12711	1
12710	1
12698	1
12576	1
12504	1
12476	1
12389	1
12064	1
11928	1
11808	1
11786	1
11774	1
11568	1
11549	1
11533	1
11448	1
11441	1
11440	1
11420	1
11324	1
11297	1
11280	1
11197	1
11128	1
11071	1
11020	1
11018	1
11006	1
10912	1
10824	1
10764	1
10680	1
10647	1
10540	1
10443	1
10391	1
10378	1
10366	1
10364	1
10336	1
10328	1
10315	1
10220	1
10160	1
10104	1
10044	1
10029	1
10016	1
10012	1
10000	1
9844	1
9842	1
9834	1
9822	1
9768	1
9575	1
9569	1
9432	1
9382	1
9335	1
9248	1
9232	1
9221	1
9208	2
9072	1
9024	1
8980	1
8968	1
8932	1
8915	1
8901	1
8888	1
8870	1
8862	1
8858	1
8800	1
8761	1
8708	1
8691	1
8608	1
8588	1
8562	1
8546	1
8504	1
8464	1
8416	1
8397	1
8387	1
8336	1
8288	1
8176	1
8140	1
8136	1
8133	1
8088	1
8062	1
8038	1
7998	1
7997	1
7958	1
7936	1
7924	1
7918	1
7917	1
7902	1
7901	1
7881	1
7880	1
7878	1
7862	1
7840	1
7822	1
7821	1
7801	1
7798	1
7790	1
7776	1
7761	1
7742	2
7730	1
7672	1
7622	1
7610	1
7603	1
7596	1
7536	1
7504	1
7452	1
7437	1
7397	1
7288	2
7247	1
7220	1
7114	1
7110	1
7098	1
7072	1
7056	1
7047	1
7041	1
7040	1
7018	1
7008	1
7002	1
6968	1
6952	1
6931	1
6915	1
6904	1
6896	1
6881	1
6856	1
6828	1
6808	1
6786	1
6741	1
6734	1
6676	1
6624	1
6611	1
6600	1
6594	1
6545	1
6515	1
6512	1
6491	1
6480	1
6435	1
6432	1
6422	1
6364	1
6362	1
6328	1
6304	1
6289	1
6282	1
6236	1
6226	1
6221	1
6192	1
6180	2
6168	1
6160	1
6146	1
6063	1
6033	1
6026	1
5984	1
5982	1
5981	1
5974	1
5962	1
5936	1
5906	1
5901	1
5868	1
5864	1
5826	1
5820	1
5792	1
5774	1
5724	1
5712	1
5685	1
5676	1
5646	1
5636	1
5594	1
5573	1
5560	1
5559	1
5554	1
5493	1
5472	1
5413	1
5402	1
5400	4
5392	3
5376	4
5248	1
4864	1
4768	1
4746	1
4740	1
4736	3
4640	3
4608	3
4512	1
4416	1
4288	1
4208	1
4200	1
4188	1
4184	2
4160	1
4096	1
4004	1
4000	1
3904	3
3840	1
3808	1
3744	2
3728	2
3720	1
3712	1
3704	1
3696	2
3648	1
3584	1
3582	1
3580	1
3520	2
3392	1
3360	1
3344	2
3328	1
3312	1
3304	1
3280	1
3248	1
3228	2
3136	1
3104	1
3072	3
3028	1
3024	1
3008	1
2944	2
2936	1
2934	2
2920	1
2912	2
2880	3
2864	1
2816	1
2760	2
2704	1
2690	1
2674	1
2648	1
2632	1
2626	2
2624	1
2616	1
2608	1
2598	1
2584	1
2576	1
2560	2
2542	1
2540	1
2536	1
2496	1
2476	1
2384	1
2368	1
2356	1
2352	2
2308	1
2304	2
2288	1
2286	1
2280	1
2272	1
2264	1
2258	1
2240	1
2238	1
2212	1
2200	3
2176	1
2152	1
2128	1
2104	1
2088	1
2078	1
2072	3
2048	1
2040	1
2016	2
2008	1
2004	1
1984	2
1968	2
1964	1
1960	1
1952	1
1914	1
1872	2
1866	1
1862	1
1844	1
1824	2
1808	1
1792	3
1786	1
1784	1
1780	1
1772	2
1768	1
1760	1
1750	1
1736	2
1728	1
1712	2
1696	1
1678	1
1676	1
1664	5
1632	1
1626	1
1616	1
1608	1
1604	1
1600	3
1598	1
1596	1
1588	1
1584	1
1582	1
1580	2
1578	1
1574	1
1572	2
1568	1
1564	1
1562	1
1558	1
1556	2
1550	1
1548	1
1544	1
1536	1
1524	1
1520	3
1504	1
1488	1
1486	1
1478	1
1472	1
1456	1
1448	1
1440	2
1420	1
1416	1
1408	3
1400	2
1392	1
1384	1
1382	1
1376	3
1360	2
1356	1
1352	1
1348	1
1344	5
1328	1
1320	1
1316	1
1312	1
1308	1
1302	1
1296	1
1286	1
1280	5
1264	2
1256	1
1252	1
1244	1
1242	1
1240	1
1232	1
1228	1
1216	5
1212	1
1206	1
1204	1
1194	1
1192	1
1188	1
1184	1
1180	1
1178	1
1168	2
1164	1
1160	1
1152	2
1144	1
1138	1
1136	3
1128	3
1120	2
1116	1
1114	1
1108	1
1104	1
1098	1
1096	1
1088	1
1086	1
1082	1
1024	2
1010	1
984	1
960	1
944	1
896	1
768	1
732	1
720	1
702	1
676	1
640	1
636	1
608	1
584	1
576	1
560	1
512	1
448	1
384	1
368	1
332	1
96	1
22	1
