916
65088
58576	1
58568	1
58556	1
58550	1
58530	1
58502	1
58420	1
58408	1
58400	1
58376	1
58364	1
58358	1
58272	1
58258	1
58236	1
58216	1
58204	1
58184	1
58150	1
58148	1
58102	1
58066	1
58016	1
57992	1
57964	1
57936	1
57932	1
57874	1
57826	1
57824	1
57804	1
57800	1
57776	1
57757	1
57740	1
57704	1
57699	1
57698	1
57634	1
57588	1
57581	1
57506	1
57504	1
57442	1
57416	1
57410	1
57404	1
57393	1
57360	1
57268	1
57234	1
57224	1
57218	1
57212	1
57201	1
57184	1
57168	1
57154	1
57104	1
57058	1
57057	1
57032	1
56952	1
56916	1
56899	1
56866	1
56852	1
56800	1
56754	1
56714	1
56700	1
56656	1
56621	1
56542	1
56539	1
56508	1
56499	1
56420	1
56398	1
56376	1
56352	1
56280	1
56272	1
56263	1
56134	1
56120	1
56099	1
56088	1
56036	1
56016	1
56004	1
55997	1
55974	1
55972	1
55928	1
55792	1
55752	1
55712	1
55679	1
55654	1
55515	1
55494	1
55472	1
55452	1
55392	1
55376	1
55364	1
55323	1
55275	1
55240	1
55144	1
55078	1
55030	1
55008	1
54952	1
54814	1
54807	1
54806	1
54772	1
54771	1
54723	1
54704	1
54660	1
54656	1
54645	1
54608	1
54560	1
54456	1
54280	1
54266	1
54143	1
54083	1
54074	1
54051	1
53962	1
53924	1
53876	1
53808	1
53700	1
53680	1
53668	1
53661	1
53600	1
53594	1
53498	1
53492	1
53480	1
53448	1
53384	1
53310	1
53192	1
53173	1
53141	1
53049	1
52926	1
52896	1
52695	1
52688	1
52668	1
52560	1
52524	1
52448	1
52432	1
52394	1
52362	1
52168	1
52104	1
52071	1
52064	1
52032	1
52011	1
51963	1
51912	1
51906	1
51680	1
51508	1
51364	1
51191	1
51184	1
51130	1
51079	1
51056	1
50928	1
50840	1
50657	1
50656	1
50638	1
50632	1
50592	1
50300	1
50282	1
49836	1
49724	1
49718	1
49625	1
49613	1
49561	1
49449	1
49401	1
49376	1
49264	1
49257	1
49243	1
49136	1
49124	1
49096	1
49032	1
49008	1
48928	1
48912	1
48840	1
48614	1
48582	1
48534	1
48480	1
48438	1
47996	1
47927	1
47815	1
47658	1
47657	1
47276	1
47078	1
46960	1
46952	1
46920	1
46856	1
46832	1
46816	1
46664	1
46284	1
46025	1
45984	1
45913	1
45753	1
45446	1
45430	1
45414	1
45389	1
45382	1
45341	1
45334	1
45238	1
45147	1
45092	1
44652	1
44624	1
44496	1
44368	1
44328	1
44232	1
44200	1
44000	1
43808	1
43768	1
43636	1
43624	1
43245	1
43238	1
43062	1
43022	1
43013	1
42976	1
42974	1
42918	1
42878	1
42514	1
42249	1
42144	1
41916	1
41760	1
41520	1
41392	1
41376	1
41232	1
40976	1
40865	1
40856	1
40680	1
40157	1
39988	1
39970	1
39801	1
39794	1
39753	1
39714	1
39698	1
39650	1
39522	1
39506	1
39494	1
38716	1
38240	1
37856	1
37808	1
37408	1
37328	1
37160	1
37128	1
37104	1
37064	1
36872	1
36664	1
36544	1
36541	1
36481	1
36433	1
36362	1
36346	1
36140	1
35724	1
34208	1
33440	1
33056	1
32688	1
32624	1
32608	1
32584	1
32570	1
32562	1
32560	1
32557	1
32556	1
32554	1
32553	1
32552	1
32549	1
32548	1
32546	1
32545	1
32256	1
31412	1
28608	1
27304	1
27122	1
27121	1
27120	1
27117	1
27116	1
27114	1
27113	1
27111	1
27106	1
27104	1
27102	1
27096	1
27056	1
27024	1
26720	1
26700	1
26400	1
26320	1
25760	1
25022	1
24124	1
24000	1
23954	1
23942	1
23881	1
23841	1
23808	1
23791	1
23688	1
23670	1
23528	1
23495	1
23433	1
23368	1
23304	1
23288	1
23152	1
23072	1
23044	1
22896	1
22752	1
22736	1
22432	1
21728	1
21482	1
21330	1
21306	1
21295	1
21202	1
21162	1
20934	1
20924	1
20832	1
20777	1
20610	1
20344	1
20200	1
20024	1
19888	1
19808	1
19760	1
19664	1
19316	1
19168	1
19033	1
18876	1
18814	1
18510	1
18478	1
18464	1
18430	1
18397	1
18390	1
18210	1
18203	1
17924	1
17809	1
17768	1
17760	1
17416	1
17384	1
17304	1
17296	2
17072	1
16668	1
16542	1
16462	1
16457	1
16422	1
16417	1
16398	1
16382	1
16370	1
16113	1
15981	1
15968	1
15887	1
15676	1
15368	1
15264	1
15216	1
15208	1
15144	1
15128	1
15120	1
15010	1
14844	1
14530	1
14527	1
14526	1
14395	1
14301	1
14244	1
14172	1
13878	1
13856	1
13798	1
13758	1
13730	1
13600	1
13544	1
13488	1
13424	1
13384	1
13336	1
13308	1
13296	1
13205	1
13200	1
13193	1
13152	1
13073	1
13033	1
12941	1
12897	1
12887	1
12810	1
12716	1
12480	1
12324	1
12320	1
12128	1
12064	1
12056	1
12042	1
12027	1
11880	1
11824	1
11730	1
11696	1
11675	1
11634	1
11600	1
11581	1
11444	1
11324	1
11296	1
10986	1
10984	1
10939	1
10912	1
10902	1
10899	1
10849	1
10824	1
10776	1
10654	1
10582	1
10576	1
10565	1
10476	1
10448	1
10356	1
10352	1
10329	1
10208	1
10138	1
10033	1
9957	1
9931	1
9928	1
9768	1
9704	1
9688	1
9668	1
9664	1
9632	1
9582	1
9524	1
9523	1
9520	1
9492	1
9483	1
9462	1
9424	1
9348	1
9308	1
9274	1
9199	1
9182	1
9121	1
9120	1
9022	1
9016	1
9008	1
8896	1
8872	1
8768	1
8752	1
8703	1
8696	1
8692	1
8656	1
8639	1
8624	1
8604	1
8599	1
8569	1
8562	1
8456	1
8416	1
8382	1
8342	1
8323	1
8296	1
8216	1
8179	1
8120	1
8112	1
8108	1
8096	1
8036	1
8015	1
8000	1
7998	1
7979	1
7862	1
7841	1
7840	1
7760	1
7640	1
7604	1
7598	1
7572	1
7568	1
7548	1
7512	1
7491	1
7462	1
7373	1
7355	1
7352	1
7328	1
7307	1
7292	1
7272	1
7242	2
7228	1
7122	1
7057	1
7056	1
6996	1
6982	1
6946	1
6944	1
6868	1
6854	1
6840	1
6825	1
6812	1
6792	1
6728	1
6694	1
6693	1
6672	1
6670	1
6624	1
6614	1
6608	1
6573	1
6568	1
6564	1
6562	1
6524	1
6448	1
6413	1
6404	1
6402	1
6368	1
6322	1
6257	1
6252	1
6242	1
6214	1
6176	1
6168	1
6162	1
6124	1
6112	1
6111	1
6096	1
6088	1
6076	1
6062	1
6056	1
6014	1
5968	1
5964	1
5940	1
5928	1
5854	1
5822	1
5788	1
5782	1
5768	1
5740	1
5736	1
5728	1
5716	1
5694	1
5610	1
5608	1
5604	1
5600	1
5576	1
5564	1
5490	1
5456	1
5450	1
5444	1
5422	3
5420	4
5416	2
5408	3
5376	2
5312	1
5248	1
5232	1
5120	2
4824	1
4788	1
4784	1
4774	1
4766	1
4756	1
4736	2
4688	1
4656	2
4640	1
4608	2
4544	1
4480	1
4416	1
4264	1
4260	1
4236	1
4228	1
4184	1
4176	1
4154	1
4064	1
4032	1
3968	2
3936	1
3904	2
3892	1
3856	1
3806	1
3776	1
3760	1
3700	1
3692	1
3684	1
3678	1
3676	1
3648	1
3640	2
3552	1
3520	1
3472	2
3456	1
3424	1
3392	1
3328	2
3308	1
3296	1
3292	1
3290	1
3284	1
3282	1
3276	2
3272	1
3222	1
3200	1
3194	1
3176	1
3136	1
3128	1
3056	1
3040	1
3024	2
3008	3
3000	1
2968	1
2928	1
2904	2
2878	1
2860	1
2848	1
2772	1
2756	1
2752	1
2748	1
2744	1
2704	1
2688	1
2672	1
2664	1
2656	4
2640	1
2638	1
2624	2
2614	1
2606	1
2586	1
2578	1
2576	2
2560	3
2536	1
2512	1
2496	1
2464	1
2408	1
2404	1
2400	1
2368	3
2336	2
2334	1
2324	1
2316	1
2304	1
2280	1
2256	1
2196	1
2192	1
2186	1
2178	1
2168	1
2160	1
2144	1
2132	1
2112	2
2088	1
2080	2
2064	2
2048	1
2024	1
2006	1
1990	1
1984	2
1968	1
1936	2
1928	1
1920	1
1912	1
1904	1
1902	1
1896	2
1888	1
1864	1
1856	3
1852	1
1838	1
1832	1
1824	1
1800	1
1792	2
1760	1
1740	1
1736	1
1728	2
1726	1
1718	1
1712	3
1680	1
1676	1
1668	1
1664	3
1648	1
1634	1
1632	1
1624	1
1616	1
1600	3
1596	1
1594	1
1572	1
1568	1
1536	2
1520	1
1516	1
1512	2
1504	2
1498	1
1492	1
1488	1
1470	1
1456	1
1448	1
1440	3
1424	1
1416	1
1410	1
1408	2
1392	2
1388	1
1376	1
1368	2
1364	1
1360	1
1344	3
1338	1
1336	1
1328	1
1320	1
1314	1
1312	3
1308	1
1296	2
1288	1
1282	1
1280	3
1276	1
1260	1
1250	1
1248	1
1242	1
1240	1
1228	1
1224	1
1220	1
1216	5
1208	1
1200	2
1192	2
1184	3
1168	2
1164	1
1156	1
1152	2
1144	1
1136	4
1128	1
1124	1
1120	2
1104	3
1096	1
1088	5
1076	1
1056	1
1024	1
1020	1
996	1
896	1
848	1
832	1
820	1
768	1
688	1
640	1
608	1
560	1
496	1
464	1
440	1
404	1
384	2
282	1
276	1
266	1
192	1
16	1
