922
63680
57264	1
57242	1
57212	1
57200	1
57178	1
57176	1
57114	1
57066	1
57062	1
57060	1
57020	1
56992	1
56988	1
56986	1
56970	1
56944	1
56890	1
56826	1
56824	1
56770	1
56756	1
56736	1
56732	1
56696	1
56668	1
56664	1
56632	1
56608	1
56604	1
56592	1
56566	1
56518	1
56508	1
56486	1
56440	1
56406	1
56404	1
56360	1
56326	1
56294	1
56284	1
56240	1
56198	1
56180	1
56171	1
56136	1
56134	1
56083	1
56059	1
56051	1
56034	1
56032	1
56011	1
56002	1
55907	1
55892	1
55891	1
55886	1
55856	1
55819	1
55808	1
55800	1
55787	1
55776	1
55690	1
55668	1
55648	1
55636	1
55619	1
55580	1
55530	1
55504	1
55491	1
55468	1
55448	1
55427	1
55379	1
55370	1
55328	1
55284	1
55274	1
55234	1
55219	1
55203	1
55202	1
55194	1
55191	1
55186	1
55154	1
55139	1
55120	1
55043	1
55032	1
55027	1
54979	1
54962	1
54936	1
54883	1
54872	1
54836	1
54772	1
54730	1
54723	1
54712	1
54683	1
54680	1
54672	1
54636	1
54619	1
54618	1
54570	1
54552	1
54496	1
54483	1
54471	1
54384	1
54375	1
54368	1
54365	1
54348	1
54328	1
54324	1
54314	1
54242	1
54234	1
54178	1
54101	1
54078	1
54033	1
53972	1
53920	1
53887	1
53812	1
53726	1
53688	1
53678	1
53649	1
53616	1
53578	1
53560	1
53528	1
53500	1
53479	1
53406	1
53364	1
53319	1
53264	1
53216	1
52923	1
52918	1
52872	1
52869	1
52854	1
52716	1
52694	1
52688	1
52666	1
52556	1
52447	1
52394	1
52384	1
52383	1
52176	1
52062	1
51944	1
51902	1
51872	1
51852	1
51848	1
51816	1
51799	1
51788	1
51784	1
51756	1
51735	1
51694	1
51692	1
51656	1
51649	1
51646	1
51624	1
51616	1
51592	1
51536	1
51464	1
51444	1
51240	1
51128	1
51023	1
50919	1
50912	1
50816	1
50806	1
50742	1
50630	1
50620	1
50608	1
50582	1
50516	1
50336	1
50043	1
50003	1
49992	1
49939	1
49848	1
49834	1
49760	1
49648	1
49532	1
49530	1
49404	1
49056	1
48928	1
48867	1
48803	1
48747	1
48707	1
48643	1
48634	1
48544	1
48528	1
48488	1
48330	1
48312	1
48196	1
48078	1
48068	1
47377	1
47313	1
47264	1
47194	1
47024	1
46890	1
46752	1
46696	1
46572	1
46472	1
46468	1
46151	1
46023	1
45766	1
45717	1
45462	1
45360	1
45088	1
44548	1
44516	1
44388	1
44384	1
44264	1
44136	1
44104	1
44016	1
43976	1
43944	1
43936	1
43801	1
43750	1
43737	1
43705	1
43673	1
43654	1
43593	1
43577	1
43574	1
43545	1
43542	1
43494	1
43288	1
43190	1
42140	1
42052	1
41760	1
41744	1
41425	1
41394	1
41393	1
41313	1
41297	1
41265	1
41239	1
41090	1
41026	1
40736	1
40440	1
40344	1
40312	1
40280	1
40152	1
40120	1
40088	1
40064	1
39960	1
39736	1
39456	1
39356	1
39252	1
39024	1
38689	1
38657	1
38566	1
38502	1
37920	1
36704	1
36672	1
36520	1
36184	1
36012	1
35884	1
35760	1
35591	1
35559	1
35538	1
35474	1
35424	1
33120	1
32544	1
31928	1
31920	1
31904	1
31896	1
31864	1
31860	1
31856	1
31848	1
31846	1
31845	1
31844	1
31842	1
31841	1
31672	1
31408	1
31360	1
28160	1
26544	1
26534	1
26533	1
26532	1
26531	1
26530	1
26528	1
26524	1
26520	1
26488	1
26472	1
26400	1
25952	1
25504	1
23506	1
23488	1
23454	1
23435	1
23409	1
23280	1
23164	1
23060	1
22920	1
22648	1
22592	1
22496	1
22006	1
21515	1
21472	1
20982	1
20930	1
20853	1
20827	1
20560	1
20364	1
20276	1
20192	1
19960	1
19776	1
19768	1
19672	1
19640	1
19627	1
19608	1
19512	1
19480	1
19448	1
19368	1
19168	1
18882	1
18850	1
18701	1
18681	1
18641	1
18574	1
18573	1
18547	1
18288	1
18272	1
18028	1
17956	1
17568	1
17078	1
17000	1
16944	1
16822	1
16782	1
16781	1
16758	1
16753	1
16741	1
16701	1
16673	1
16621	1
16610	1
16567	1
16456	1
16424	1
16328	1
16296	1
16184	1
16160	1
16084	1
15972	1
15948	1
15520	1
15280	1
15182	1
14971	1
14930	1
14609	1
14348	1
14344	1
14260	1
14168	1
14112	1
13994	1
13904	1
13742	1
13728	1
13689	1
13641	1
13587	1
13024	1
13012	1
13002	1
12908	1
12808	1
12794	1
12664	1
12656	1
12542	1
12531	1
12479	1
12399	1
12345	1
12320	1
12192	1
12032	1
11900	1
11796	1
11794	1
11696	1
11680	1
11616	1
11542	1
11528	1
11451	1
11416	1
11399	1
11365	1
11168	1
10972	1
10948	1
10918	1
10896	1
10884	1
10878	1
10782	1
10730	1
10656	1
10635	1
10549	1
10472	1
10376	1
10366	1
10362	1
10204	1
10184	1
10128	1
10088	1
10056	1
10030	1
10027	1
10024	1
9996	1
9984	1
9955	1
9928	1
9916	1
9901	1
9896	1
9888	1
9864	1
9860	1
9784	1
9682	1
9616	1
9440	1
9415	1
9406	1
9361	1
9276	1
9182	1
9168	1
9158	1
9140	1
9022	1
9016	1
9011	1
8970	1
8965	1
8776	1
8736	1
8698	1
8688	1
8654	1
8640	1
8635	1
8604	1
8503	1
8501	1
8484	1
8472	1
8440	1
8422	1
8400	1
8328	1
8298	1
8228	1
8173	1
8161	1
8160	1
8092	1
8002	1
7989	1
7983	1
7936	1
7922	1
7874	1
7866	1
7806	1
7804	1
7800	1
7785	1
7780	1
7776	1
7763	1
7760	1
7755	2
7712	1
7675	1
7665	1
7608	1
7594	1
7554	1
7551	1
7540	1
7536	1
7499	1
7480	1
7465	1
7462	1
7428	1
7381	1
7372	1
7352	1
7331	1
7307	1
7288	1
7266	1
7251	1
7242	1
7208	1
7199	1
7163	1
7152	1
7119	1
7106	1
7075	1
7074	1
7066	1
7065	1
7060	1
7042	1
7008	1
7006	1
7005	1
7004	1
6926	1
6919	1
6879	1
6872	1
6832	1
6825	1
6794	1
6756	1
6752	1
6708	1
6684	1
6662	1
6624	1
6592	1
6568	1
6544	1
6498	1
6496	1
6492	1
6479	1
6472	1
6432	1
6402	1
6391	1
6374	1
6359	1
6331	1
6304	1
6296	1
6294	1
6259	1
6252	1
6238	1
6224	1
6164	1
6158	1
6130	1
6104	1
6068	1
6062	1
6040	1
6020	1
5998	1
5980	1
5970	1
5964	1
5936	1
5930	1
5906	1
5900	1
5880	1
5848	1
5844	1
5832	1
5792	1
5772	1
5762	1
5714	1
5662	1
5616	1
5594	1
5582	1
5580	1
5556	1
5514	1
5474	1
5432	1
5424	1
5422	1
5396	1
5366	1
5360	1
5306	1
5304	4
5296	3
5280	2
5248	1
5184	1
5056	1
4736	1
4700	1
4688	1
4686	1
4680	1
4640	1
4632	1
4608	1
4576	1
4512	1
4480	1
4416	2
4288	1
4196	1
4184	1
4170	1
4164	1
4096	1
4064	1
4048	1
4032	1
3984	1
3952	1
3920	3
3888	3
3872	1
3840	1
3776	1
3772	1
3740	1
3734	1
3726	1
3714	1
3712	1
3708	1
3648	2
3600	1
3584	2
3412	1
3392	1
3364	1
3356	1
3354	1
3350	1
3348	1
3346	1
3334	1
3322	1
3320	1
3312	1
3280	2
3248	2
3232	1
3208	1
3192	1
3184	1
3136	1
3072	1
3040	1
3036	1
3008	1
2992	1
2984	1
2920	1
2864	2
2848	1
2816	2
2796	1
2752	1
2744	1
2726	1
2720	1
2716	1
2688	1
2600	2
2576	1
2560	1
2556	1
2528	1
2506	1
2504	1
2496	1
2494	1
2478	1
2468	1
2432	2
2376	1
2356	1
2352	1
2336	1
2304	3
2290	1
2278	1
2272	2
2192	1
2180	1
2176	4
2172	1
2156	1
2144	1
2126	1
2112	2
2108	1
2080	1
2064	1
2032	2
2016	1
2004	2
2000	3
1992	1
1990	1
1980	1
1976	1
1968	4
1952	1
1936	1
1920	1
1888	1
1882	1
1880	1
1872	1
1856	2
1848	1
1832	1
1828	1
1824	2
1804	1
1800	1
1792	3
1728	2
1726	1
1712	1
1700	1
1696	1
1680	3
1664	2
1656	1
1640	1
1632	1
1620	1
1616	1
1600	2
1596	1
1580	1
1576	1
1572	2
1560	1
1552	4
1550	1
1536	2
1534	1
1532	1
1528	1
1520	1
1516	1
1510	1
1508	1
1504	1
1498	1
1492	1
1488	2
1480	1
1474	1
1472	3
1466	1
1456	2
1452	1
1450	1
1440	1
1438	1
1422	1
1420	1
1416	1
1414	1
1412	3
1408	1
1404	1
1400	1
1392	1
1384	1
1382	1
1374	1
1364	1
1360	1
1356	1
1348	1
1344	3
1336	1
1328	2
1312	1
1296	2
1294	1
1280	4
1278	1
1276	1
1272	1
1270	1
1266	1
1252	2
1250	1
1248	2
1244	2
1232	1
1228	1
1224	1
1216	3
1212	1
1208	1
1200	1
1196	1
1192	2
1184	1
1176	2
1168	3
1152	5
1148	1
1140	1
1128	1
1120	1
1116	1
1112	2
1104	1
1100	1
1092	1
1080	1
1072	3
1056	2
976	1
960	1
956	1
928	1
898	1
868	1
832	1
712	1
704	1
656	1
626	1
616	1
586	1
584	1
576	1
480	1
472	1
384	4
352	1
348	1
276	1
224	1
160	1
