915
62272
56044	1
55982	1
55969	1
55942	1
55928	1
55888	1
55868	1
55857	1
55777	1
55728	1
55704	1
55678	1
55632	1
55584	1
55576	1
55569	1
55561	1
55553	1
55516	1
55484	1
55465	1
55450	1
55437	1
55393	1
55358	1
55340	1
55308	1
55306	1
55264	1
55263	1
55248	1
55210	1
55208	1
55200	1
55132	1
55098	1
55061	1
55050	1
55016	1
54992	1
54988	1
54928	1
54924	1
54912	1
54861	1
54832	1
54826	1
54817	1
54816	1
54792	1
54772	1
54729	1
54711	1
54674	1
54624	1
54560	1
54546	1
54514	1
54488	1
54480	1
54460	1
54369	1
54352	1
54347	1
54306	1
54288	1
54276	1
54226	1
54104	1
54076	1
54048	1
54014	1
53974	1
53937	1
53876	1
53838	1
53825	1
53761	1
53712	1
53688	1
53664	1
53652	1
53612	1
53583	1
53528	1
53526	1
53520	1
53510	1
53494	1
53456	1
53358	1
53216	1
53200	1
53192	1
53149	1
53136	1
53124	1
53092	1
53076	1
53060	1
53023	1
52950	1
52918	1
52792	1
52774	1
52706	1
52568	1
52528	1
52440	1
52436	1
52404	1
52384	1
52351	1
52336	1
52315	1
52312	1
52308	1
52228	1
52212	1
52210	1
52203	1
52196	1
52192	1
52090	1
51954	1
51922	1
51832	1
51826	1
51676	1
51672	1
51544	1
51522	1
51416	1
51376	1
51367	1
51266	1
51243	1
51234	1
51232	1
51219	1
51202	1
51196	1
51184	1
51180	1
51106	1
51084	1
51056	1
50928	1
50920	1
50876	1
50848	1
50820	1
50802	1
50744	1
50640	1
50457	1
50402	1
50345	1
50241	1
50185	1
50158	1
50152	1
49944	1
49888	1
49856	1
49748	1
49732	1
49632	1
49630	1
49596	1
49584	1
49328	1
49326	1
49184	1
49137	1
49136	1
49081	1
49025	1
49008	1
48984	1
48944	1
48928	1
48856	1
48784	1
48728	1
48630	1
48598	1
48566	1
48470	1
48436	1
48352	1
48324	1
48292	1
48276	1
48260	1
48166	1
47914	1
47745	1
47689	1
47647	1
47640	1
47512	1
47392	1
47384	1
47328	1
47280	1
47238	1
47216	1
46934	1
46684	1
46668	1
46496	1
46176	1
46141	1
46091	1
45912	1
45784	1
45758	1
45726	1
45672	1
45630	1
45326	1
45264	1
45232	1
44764	1
44748	1
44652	1
44636	1
44556	1
44540	1
44444	1
44285	1
44284	1
44268	1
44192	1
44033	1
43992	1
43864	1
43830	1
43798	1
43757	1
43750	1
43744	1
43605	1
43601	1
43574	1
43401	1
43366	1
43232	1
43173	1
43165	1
42896	1
42857	1
42841	1
42832	1
42737	1
42656	1
42608	1
42393	1
41884	1
41868	1
41716	1
41708	1
41688	1
41560	1
41504	1
41478	1
41446	1
41432	1
41430	1
41350	1
41256	1
40455	1
40343	1
40224	1
40032	1
39952	1
39802	1
39696	1
39632	1
39440	1
38820	1
38812	1
38776	1
38568	1
38514	1
38482	1
38466	1
38386	1
38290	1
38208	1
38082	1
37883	1
37819	1
37707	1
37280	1
36512	1
36144	1
35888	1
35824	1
35552	1
35348	1
35336	1
35332	1
35316	1
35208	1
35138	1
35080	1
35058	1
34833	1
34754	1
34750	1
34721	1
34592	1
33296	1
31968	1
31376	1
31312	1
31248	1
31200	1
31184	1
31160	1
31152	1
31148	1
31146	1
31144	1
31140	1
31139	1
31138	1
31137	1
30912	1
28144	1
27264	1
25952	1
25948	1
25947	1
25946	1
25945	1
25944	1
25942	1
25940	1
25936	2
25928	1
25872	1
25808	1
25312	1
24176	1
23232	1
23146	1
23072	1
22961	1
22938	1
22867	1
22682	1
22664	1
22614	1
22568	1
22468	1
22456	1
22452	1
22444	1
22304	1
22064	1
22000	1
21776	1
21472	1
20894	1
20832	1
20471	1
20379	1
20325	1
20162	1
20160	1
19986	1
19906	1
19842	1
19826	1
19768	1
19679	1
19592	1
19556	1
19548	1
19412	1
19216	1
18896	1
18832	1
18726	1
18608	1
18592	1
18543	1
18400	1
18275	1
18181	1
17998	1
17528	1
17438	1
17368	1
17358	1
17330	1
17312	1
17289	1
17272	1
17259	1
17160	1
17132	1
17004	1
16996	1
16884	1
16400	1
16352	1
16281	1
16208	1
16193	1
16176	1
16138	1
15929	1
15917	1
15904	1
15758	1
15582	1
15561	1
15557	1
15456	1
15438	1
15398	1
15370	1
15352	1
15328	1
15240	1
15201	1
15004	1
14991	1
14860	1
14780	1
14764	1
14700	1
14684	1
14604	1
14596	1
14224	1
14192	1
13870	1
13848	1
13790	1
13762	1
13752	1
13640	1
13600	1
13485	1
13472	1
13443	1
13152	1
13004	1
12996	1
12782	1
12656	1
12624	1
12530	1
12512	1
12496	1
12408	1
12312	1
12296	1
12189	1
12153	1
12132	1
12107	1
11966	1
11860	1
11824	1
11776	1
11760	1
11758	1
11684	1
11668	1
11616	1
11532	1
11502	1
11422	1
11398	1
11371	1
11370	1
11288	1
11192	1
11168	1
11080	1
11056	1
11041	1
10993	1
10947	1
10912	1
10809	1
10800	1
10790	1
10724	1
10592	2
10576	1
10564	1
10538	1
10452	1
10444	1
10280	1
10104	1
10098	1
10073	1
9894	1
9847	1
9712	1
9648	1
9608	2
9588	1
9568	1
9562	1
9548	1
9528	1
9512	1
9506	1
9472	1
9464	1
9456	1
9324	1
9306	1
9264	1
9248	1
9244	1
9226	1
9211	1
9202	1
9191	1
9174	1
9104	1
9089	1
9048	1
8962	1
8952	1
8836	1
8712	1
8706	1
8626	1
8512	1
8486	1
8416	1
8404	2
8391	1
8388	1
8386	1
8372	1
8312	1
8308	1
8304	1
8299	1
8288	1
8269	1
8228	1
8204	1
8186	1
8144	1
8056	1
7974	1
7918	1
7912	1
7808	1
7798	1
7770	1
7709	1
7684	1
7668	1
7652	1
7632	1
7628	1
7603	1
7584	1
7576	1
7568	1
7467	1
7430	1
7376	1
7318	1
7312	1
7302	1
7290	1
7241	1
7200	1
7188	1
7160	1
7152	1
7093	1
7030	1
7013	1
7004	1
6947	1
6882	1
6880	1
6864	1
6836	1
6808	1
6706	1
6672	1
6668	1
6642	1
6608	1
6605	1
6587	1
6586	1
6516	1
6512	1
6510	1
6488	1
6466	1
6442	1
6432	3
6368	1
6359	1
6334	1
6301	1
6252	1
6248	1
6224	1
6213	1
6208	1
6206	1
6177	1
6124	1
6096	1
6076	1
6056	1
6011	1
5956	1
5896	1
5886	1
5872	1
5856	1
5841	1
5806	1
5804	1
5780	1
5762	1
5704	1
5701	1
5697	1
5686	1
5673	1
5660	1
5636	1
5601	1
5600	1
5592	1
5587	1
5552	1
5498	1
5456	1
5413	1
5394	1
5347	1
5340	1
5329	1
5328	1
5288	1
5278	1
5196	1
5188	3
5184	6
5152	3
5120	1
4992	2
4800	1
4608	1
4590	1
4584	1
4572	1
4532	1
4528	1
4520	1
4496	1
4488	2
4480	2
4416	1
4384	2
4372	1
4352	1
4288	1
4160	1
4094	1
4074	1
4064	1
4028	1
3996	1
3980	1
3964	2
3936	1
3904	4
3840	1
3744	3
3712	1
3654	1
3648	2
3636	1
3616	1
3488	1
3484	1
3472	1
3468	1
3464	1
3456	1
3440	1
3424	2
3400	1
3392	1
3328	1
3264	2
3254	1
3238	1
3232	1
3200	1
3182	1
3148	1
3136	1
3116	1
3110	2
3084	1
3076	1
3072	2
3056	1
3040	1
3038	1
3000	1
2996	1
2968	1
2952	2
2942	1
2936	2
2920	1
2912	1
2880	1
2864	1
2844	1
2816	2
2772	1
2756	1
2752	4
2736	1
2720	1
2696	1
2688	1
2624	2
2600	1
2592	1
2556	1
2504	1
2496	1
2480	1
2448	1
2436	1
2432	1
2430	1
2420	1
2400	1
2392	1
2348	1
2336	1
2328	2
2304	2
2300	1
2284	1
2276	1
2272	1
2256	1
2224	1
2208	2
2206	1
2198	1
2188	1
2176	2
2156	1
2144	1
2126	1
2120	1
2112	2
2104	1
2088	1
2080	1
2048	2
2016	2
2014	1
1976	1
1968	1
1920	2
1908	1
1904	1
1888	2
1864	1
1860	1
1856	1
1848	1
1844	1
1842	1
1838	1
1836	1
1832	1
1824	1
1816	2
1808	1
1792	3
1788	1
1776	1
1760	1
1740	1
1728	2
1724	1
1696	1
1678	1
1676	1
1672	3
1664	1
1658	1
1656	1
1652	1
1648	1
1640	1
1632	2
1600	2
1592	1
1580	1
1568	2
1556	1
1552	1
1540	1
1528	3
1520	2
1504	3
1488	1
1484	1
1472	1
1460	2
1456	1
1448	1
1440	2
1432	1
1424	1
1418	1
1408	2
1404	1
1392	1
1388	1
1376	1
1360	2
1344	1
1340	1
1328	1
1324	1
1320	1
1316	1
1312	3
1296	2
1292	1
1284	1
1280	3
1264	1
1260	1
1256	1
1248	1
1242	1
1240	1
1234	1
1232	1
1224	1
1216	2
1208	1
1200	2
1184	2
1176	1
1168	2
1160	2
1152	6
1138	1
1136	1
1134	1
1128	1
1120	1
1118	2
1116	1
1104	2
1096	1
1088	4
1082	1
1068	1
1064	1
1056	2
1052	1
1032	1
1024	1
1010	1
980	1
974	1
960	1
896	2
864	1
812	1
808	1
704	3
688	1
672	1
664	1
660	1
636	1
564	1
530	1
520	1
480	1
384	1
256	1
224	1
200	1
176	1
112	1
