718
33024
29714	1
29628	1
29626	1
29616	1
29596	1
29586	1
29570	1
29560	1
29552	1
29550	1
29540	1
29480	1
29470	1
29438	1
29436	1
29390	1
29382	1
29368	1
29350	1
29348	1
29332	1
29297	1
29274	1
29264	1
29261	1
29256	1
29244	1
29226	1
29204	1
29146	1
29139	1
29128	1
29074	1
29064	1
29053	1
29052	1
29050	1
29040	1
29002	1
28974	1
28972	1
28967	1
28962	1
28960	1
28942	1
28940	1
28924	1
28921	1
28912	1
28830	1
28828	1
28814	1
28795	1
28792	1
28766	1
28748	1
28713	1
28704	1
28698	1
28694	1
28676	1
28664	1
28634	1
28624	1
28604	1
28549	1
28538	1
28524	1
28474	1
28472	1
28471	1
28404	1
28400	1
28350	1
28343	1
28342	1
28328	1
28244	1
28213	1
28210	1
28144	1
28055	1
28030	1
28022	1
28008	1
28004	1
27950	1
27881	1
27880	1
27862	1
27860	1
27823	1
27814	1
27792	1
27780	1
27721	1
27720	1
27702	1
27625	1
27550	1
27470	1
27445	1
27444	1
27416	1
27408	1
27396	1
27389	1
27298	1
27293	1
27160	1
27158	1
27090	1
27074	1
27052	1
27045	1
27029	1
26978	1
26974	1
26973	1
26968	1
26940	1
26928	1
26901	1
26892	1
26885	1
26812	1
26800	1
26796	1
26789	1
26776	1
26716	1
26682	1
26660	1
26546	1
26520	1
26441	1
26401	1
26400	1
26382	1
26289	1
26256	1
26200	1
26172	1
26100	1
26046	1
25862	1
25841	1
25816	1
25798	1
25761	1
25749	1
25709	1
25702	1
25681	1
25593	1
25592	1
25578	1
25577	1
25552	1
25521	1
25516	1
25428	1
25425	1
25368	1
25176	1
25168	1
25150	1
25082	1
24984	1
24805	1
24732	1
24688	1
24657	1
24633	1
24628	1
24566	1
24537	1
24486	1
24417	1
24409	1
24406	1
24296	1
24262	1
24112	1
24102	1
24008	1
23912	1
23788	1
23711	1
23661	1
23564	1
23508	1
23440	1
23310	1
23032	1
23014	1
22966	1
22950	1
22823	1
22765	1
22759	1
22712	1
22328	1
22324	1
22292	1
22276	1
22196	1
22192	1
21926	1
21910	1
21814	1
21766	1
21750	1
21689	1
21681	1
21552	1
21448	1
20828	1
20808	1
20748	1
20628	1
20486	1
20470	1
20389	1
20381	1
20374	1
20368	1
20327	1
20326	1
20310	1
20120	1
20058	1
19888	1
19004	1
18984	1
18928	1
18860	1
18763	1
18758	1
18731	1
18708	1
18683	1
18458	1
17864	1
17648	1
17008	1
16937	1
16784	1
16564	1
16552	1
16548	1
16538	1
16532	1
16530	1
16528	1
16525	1
16522	1
16521	1
16520	1
16517	1
16516	1
16514	1
16513	1
16288	1
15592	1
15275	1
14464	1
13776	1
13768	1
13764	1
13762	1
13761	1
13757	1
13754	1
13753	1
13748	1
13746	1
13742	1
13732	1
13724	1
13552	1
13407	1
13360	1
12816	1
12784	1
12648	1
12288	1
12142	1
11951	1
11932	1
11911	1
11890	1
11885	1
11804	1
11760	1
11704	1
11684	1
11400	1
10806	1
10598	1
10582	1
10581	1
10576	1
10542	1
10537	1
10531	1
10462	1
10450	1
10332	1
10236	1
10184	1
10164	1
9953	1
9936	1
9656	1
9453	1
9447	1
9398	1
9382	1
9342	1
9262	1
9250	1
9206	1
9040	1
9028	1
8964	1
8948	1
8924	1
8920	1
8760	1
8600	1
8551	1
8501	1
8398	1
8342	1
8328	1
8323	1
8098	1
8026	1
8016	1
7954	1
7932	1
7885	1
7884	1
7803	1
7761	1
7700	1
7528	1
7440	1
7438	1
7320	1
7288	1
7181	1
7128	1
7118	1
7050	1
7004	1
6993	1
6973	1
6960	1
6916	1
6851	1
6758	1
6731	1
6712	1
6705	1
6622	1
6576	1
6562	1
6392	1
6333	1
6332	1
6272	1
6260	1
6256	1
6253	1
6206	1
6193	1
6121	1
6102	1
6097	1
6053	1
6022	1
6008	1
5987	1
5844	1
5818	1
5772	1
5716	1
5692	1
5688	1
5680	1
5613	1
5572	1
5538	1
5521	1
5496	1
5487	2
5468	1
5455	1
5432	1
5402	1
5310	1
5308	1
5286	1
5260	1
5217	1
5200	1
5197	1
5117	1
5104	1
5088	1
5048	1
5042	3
4997	1
4983	1
4980	1
4890	1
4888	1
4887	1
4777	1
4774	1
4697	1
4692	1
4688	1
4680	1
4652	1
4651	1
4630	1
4562	1
4549	1
4544	1
4438	1
4424	1
4372	1
4368	1
4349	1
4342	1
4308	1
4302	1
4296	1
4287	1
4230	1
4188	1
4184	1
4170	1
4162	1
4141	1
4080	1
4040	1
4032	1
4014	1
4011	1
3988	1
3936	1
3902	1
3901	1
3898	1
3856	1
3852	1
3800	1
3794	1
3756	1
3742	1
3731	1
3696	1
3684	1
3662	2
3640	1
3628	1
3624	1
3610	1
3606	1
3593	1
3564	1
3550	1
3528	1
3525	1
3510	1
3509	1
3500	1
3498	1
3440	1
3424	1
3421	1
3420	1
3404	1
3402	1
3386	1
3380	1
3378	1
3354	1
3344	1
3316	1
3314	1
3311	1
3294	1
3256	1
3239	1
3190	1
3188	1
3166	1
3156	1
3152	1
3144	1
3137	1
3126	1
3107	1
3102	1
3084	1
3068	1
3066	1
3048	1
3038	1
3030	1
2996	1
2988	1
2968	1
2962	1
2954	1
2898	1
2896	1
2888	1
2882	1
2864	1
2860	1
2836	1
2762	1
2750	3
2748	3
2744	4
2736	2
2720	1
2688	2
2680	1
2656	1
2560	1
2512	1
2424	1
2390	1
2384	1
2382	1
2376	2
2360	1
2336	3
2160	1
2116	3
2108	1
2106	1
2104	1
2092	1
2088	1
2080	1
2064	1
2048	1
2040	1
2032	2
1920	2
1890	1
1888	1
1876	2
1868	1
1852	1
1848	1
1800	1
1792	1
1784	2
1776	2
1712	1
1708	1
1700	1
1676	1
1668	1
1664	1
1616	1
1584	1
1576	1
1568	1
1560	1
1552	1
1536	2
1504	2
1488	1
1484	1
1472	1
1440	1
1434	1
1420	1
1408	1
1398	1
1394	1
1392	1
1376	2
1368	1
1328	1
1320	1
1312	1
1280	1
1264	2
1250	1
1248	1
1240	1
1238	1
1224	1
1222	1
1220	1
1218	1
1216	1
1210	1
1204	1
1200	1
1196	1
1160	1
1152	1
1136	2
1122	1
1114	1
1104	1
1102	1
1096	1
1088	1
1076	1
1072	1
1056	2
1048	1
1038	1
1024	1
1022	1
1008	2
1004	1
998	1
996	1
992	2
976	2
954	1
952	1
938	1
936	1
928	4
924	1
912	1
908	1
894	1
884	1
880	2
872	1
868	1
864	1
860	1
856	2
852	1
850	1
848	1
844	1
832	4
828	1
808	1
800	3
792	1
780	2
776	1
768	2
756	1
752	2
744	4
736	1
728	1
722	1
720	4
718	1
712	1
708	1
704	3
700	1
696	2
682	1
680	3
676	1
672	3
668	2
660	2
656	3
646	1
640	3
632	2
626	1
624	4
620	1
608	4
604	2
592	3
576	4
572	1
568	1
564	1
560	2
548	2
544	2
528	1
520	1
496	1
484	2
480	1
448	1
404	1
392	1
384	3
352	2
336	1
314	1
312	1
304	1
296	1
224	1
216	1
204	1
164	1
86	1
