709
27456
24710	1
24708	1
24690	1
24682	1
24680	1
24672	1
24656	1
24652	1
24648	1
24644	1
24610	1
24592	1
24568	1
24556	1
24532	1
24522	1
24500	1
24496	1
24488	1
24482	1
24444	1
24436	1
24414	1
24410	1
24400	1
24392	1
24374	1
24366	1
24364	1
24343	1
24334	1
24330	1
24321	1
24304	1
24300	1
24296	1
24294	1
24234	1
24219	1
24208	1
24205	1
24200	1
24190	1
24188	1
24173	1
24124	1
24108	1
24089	1
24080	1
24054	1
24053	1
24050	1
24044	1
24028	1
24012	1
24009	1
23988	1
23978	1
23972	1
23969	1
23944	1
23902	1
23893	1
23889	1
23888	1
23858	1
23817	1
23812	1
23796	1
23768	1
23761	1
23746	1
23732	1
23722	1
23720	1
23716	1
23708	1
23674	1
23655	1
23586	1
23565	1
23536	1
23514	1
23496	1
23486	1
23484	1
23476	1
23461	1
23454	1
23432	1
23424	1
23397	1
23376	1
23356	1
23305	1
23294	1
23280	1
23262	1
23257	1
23222	1
23212	1
23190	1
23180	1
23160	1
23158	1
23124	1
23096	1
23088	1
23055	1
23036	1
22998	1
22970	1
22932	1
22928	1
22906	1
22903	1
22895	1
22828	1
22782	1
22760	1
22736	1
22720	1
22711	1
22700	1
22635	1
22602	1
22558	1
22544	1
22536	1
22435	1
22430	1
22428	1
22412	1
22346	1
22344	1
22220	1
22218	1
22213	1
22192	1
22186	1
22068	1
22040	1
22033	1
22030	1
21984	1
21930	1
21924	1
21892	1
21872	1
21815	1
21742	1
21672	1
21622	1
21559	1
21492	1
21488	1
21444	1
21428	1
21380	1
21320	1
21290	1
21251	1
21220	1
21196	1
21173	1
21170	1
21130	1
21070	1
21040	1
20888	1
20845	1
20784	1
20769	1
20692	1
20660	1
20632	1
20626	1
20594	1
20376	1
20199	1
20195	1
20144	1
20124	1
20056	1
20054	1
20053	1
20022	1
20020	1
19934	1
19902	1
19830	1
19672	1
19618	1
19507	1
19440	1
19387	1
19372	1
19337	1
19244	1
19224	1
19212	1
19102	1
19062	1
19030	1
18680	1
18576	1
18477	1
18393	1
18383	1
18317	1
18308	1
18276	1
18142	1
18128	1
18102	1
18070	1
17992	1
17552	1
17253	1
17208	1
17169	1
17156	1
17097	1
17093	1
17028	1
16996	1
16990	1
16958	1
16892	1
16880	1
16767	1
16746	1
16718	1
16264	1
16048	1
15888	1
15785	1
15665	1
15620	1
15492	1
15465	1
15460	1
15402	1
15393	1
15389	1
15370	1
15128	1
14480	1
13780	1
13768	1
13764	1
13754	1
13748	1
13746	1
13744	1
13741	1
13738	1
13737	1
13736	1
13733	1
13732	1
13730	1
13729	1
13600	1
13224	1
12064	1
11444	1
11442	1
11441	1
11440	1
11437	1
11434	1
11433	1
11431	1
11428	1
11426	1
11422	1
11416	1
11412	1
11404	1
11155	1
10832	2
10537	1
10280	1
10144	1
10074	1
10057	1
10053	1
10046	1
10004	1
9972	1
9906	1
9868	1
9727	1
9520	1
9392	1
9336	1
8926	1
8909	1
8804	1
8750	1
8724	1
8722	1
8692	1
8637	1
8633	1
8588	1
8573	1
8555	1
8552	1
8503	1
8496	1
8272	1
7896	1
7822	1
7798	1
7762	1
7652	1
7628	1
7561	1
7553	1
7483	1
7414	1
7408	1
7320	1
7313	1
7278	1
6962	1
6930	1
6876	1
6872	1
6844	1
6767	1
6740	1
6704	1
6625	1
6552	1
6534	1
6488	1
6358	1
6270	1
6204	1
6198	1
6193	1
6171	1
6170	1
6168	1
6116	1
6096	1
6051	1
6049	1
5912	1
5808	1
5722	1
5694	1
5668	1
5647	1
5644	1
5573	1
5492	1
5480	1
5360	1
5330	1
5274	1
5248	1
5242	1
5220	1
5204	1
5171	1
5142	1
5128	1
5060	1
5012	1
4976	1
4972	1
4915	1
4862	1
4824	1
4796	1
4762	1
4701	1
4656	1
4644	1
4606	1
4522	1
4521	1
4520	1
4518	1
4492	1
4400	1
4394	1
4371	1
4364	1
4264	1
4262	1
4204	1
4196	1
4190	1
4187	1
4185	1
4136	1
4112	1
4096	1
4082	1
4046	1
4019	1
3968	1
3964	1
3955	1
3952	1
3928	1
3898	1
3860	1
3808	1
3795	1
3794	1
3792	1
3772	1
3742	1
3718	1
3684	1
3669	1
3664	1
3640	1
3612	1
3606	1
3593	1
3592	1
3582	1
3564	1
3558	1
3540	1
3530	1
3522	1
3504	1
3501	1
3498	1
3470	1
3461	1
3424	1
3420	1
3408	1
3368	1
3360	1
3338	1
3331	1
3324	1
3316	1
3310	1
3304	1
3280	1
3243	1
3226	1
3169	1
3154	1
3128	1
3124	2
3114	1
3108	1
3094	1
3081	1
3080	1
3065	1
3052	1
3044	1
3033	1
2992	1
2973	1
2971	1
2962	1
2936	1
2932	1
2908	1
2902	1
2892	1
2876	1
2873	1
2862	1
2860	1
2844	1
2842	1
2837	1
2832	1
2807	1
2780	1
2737	1
2736	1
2728	1
2724	1
2722	1
2711	1
2704	1
2699	1
2686	1
2682	2
2658	1
2648	1
2640	1
2636	1
2613	1
2606	1
2595	1
2580	1
2576	1
2570	1
2568	1
2542	1
2538	1
2524	1
2516	1
2488	1
2482	1
2468	2
2446	1
2444	1
2420	1
2416	1
2408	1
2374	1
2352	1
2344	1
2340	1
2336	1
2328	1
2314	1
2306	1
2292	1
2290	1
2286	3
2284	4
2280	4
2272	3
2144	2
2048	1
2012	1
2010	2
2008	1
1992	2
1968	1
1944	1
1888	1
1856	1
1784	1
1780	1
1760	1
1748	1
1744	1
1736	2
1728	1
1726	2
1714	1
1712	1
1700	1
1696	1
1632	1
1568	1
1564	1
1556	1
1552	1
1528	1
1520	1
1512	1
1510	1
1504	1
1496	1
1472	1
1456	1
1392	1
1368	2
1360	1
1352	1
1344	1
1324	1
1312	1
1304	1
1296	1
1268	1
1254	1
1252	1
1248	1
1236	1
1232	4
1216	2
1210	1
1208	1
1184	1
1168	1
1148	1
1140	1
1136	1
1128	1
1120	1
1114	1
1088	1
1056	2
1052	1
1044	1
1040	1
1034	1
1032	1
1024	1
1008	1
1000	1
992	2
982	1
980	1
972	1
968	1
964	1
960	1
952	1
940	1
928	1
920	2
904	1
902	1
896	2
876	1
872	2
864	2
848	2
840	1
836	3
832	3
816	1
808	1
802	1
800	1
792	1
790	1
784	1
776	1
768	4
758	1
756	2
752	1
744	1
740	1
736	4
732	1
720	3
716	1
712	1
708	1
704	4
698	1
696	1
692	1
690	1
680	1
672	3
664	2
660	1
656	4
648	1
644	1
640	1
632	1
628	1
624	2
620	1
616	3
614	1
608	3
606	1
600	1
594	1
592	2
584	2
576	5
574	1
568	3
566	1
564	1
560	1
552	1
546	1
544	3
540	2
538	1
536	1
528	1
522	1
520	2
518	1
512	5
504	2
496	4
492	1
488	2
480	7
472	1
466	1
464	3
460	2
456	2
448	4
422	1
416	1
408	1
374	1
352	2
344	1
336	1
272	1
256	1
192	1
90	1
76	1
