909
58816
52910	1
52824	1
52782	1
52768	1
52738	1
52732	1
52722	1
52650	1
52628	1
52624	1
52616	1
52594	1
52556	1
52514	1
52512	1
52492	1
52434	1
52432	1
52428	1
52424	1
52368	1
52318	1
52300	1
52270	1
52248	1
52214	1
52192	1
52184	1
52172	1
52141	1
52140	1
52124	1
52120	1
52102	1
52054	1
52053	1
52048	1
52014	1
51992	1
51972	1
51943	1
51938	1
51925	1
51877	1
51864	1
51842	1
51808	1
51800	1
51798	1
51750	1
51748	1
51735	1
51727	1
51712	1
51709	1
51687	1
51588	1
51558	1
51542	1
51496	1
51485	1
51458	1
51448	1
51445	1
51444	1
51440	1
51429	1
51357	1
51332	1
51329	1
51312	1
51273	1
51248	1
51230	1
51206	1
51204	1
51182	1
51175	1
51110	1
51080	1
51036	1
51016	1
50998	1
50989	1
50976	1
50960	1
50901	1
50860	1
50824	1
50823	1
50806	1
50803	1
50750	1
50718	1
50622	1
50581	1
50552	1
50526	1
50524	1
50518	1
50492	1
50478	1
50460	1
50424	1
50361	1
50352	1
50345	1
50336	1
50334	1
50324	1
50297	1
50286	1
50266	1
50218	1
50125	1
50113	1
50106	1
50105	1
50081	1
50065	1
50054	1
50032	1
50017	1
49944	1
49880	1
49876	1
49812	1
49772	1
49768	1
49741	1
49729	1
49721	1
49682	1
49643	1
49618	1
49398	1
49384	1
49312	1
49281	1
49268	1
49217	1
49212	1
49062	1
49040	1
48982	1
48950	1
48936	1
48912	1
48848	1
48840	1
48781	1
48765	1
48717	1
48712	1
48710	1
48694	1
48566	1
48532	1
48468	1
48406	1
48352	1
48181	1
48165	1
48151	1
48048	1
47992	1
47954	1
47874	1
47862	1
47840	1
47728	1
47652	1
47592	1
47588	1
47524	1
47484	1
47472	1
47461	1
47445	1
47397	1
47240	1
47234	1
47232	1
47218	1
47074	1
46952	1
46944	1
46815	1
46654	1
46597	1
46568	1
46516	1
46468	1
46416	1
46396	1
46274	1
46160	1
46128	1
46104	1
45899	1
45856	1
45637	1
45544	1
45314	1
45234	1
45202	1
45186	1
45164	1
45160	1
45100	1
45058	1
45042	1
45036	1
44678	1
44560	1
44528	1
44512	1
44485	1
44473	1
44465	1
44441	1
44425	1
44377	1
44328	1
44232	1
43912	1
43848	1
43834	1
43656	1
43540	1
43532	1
43424	1
43398	1
43272	1
42973	1
42957	1
42909	1
42640	1
42608	1
42386	1
42056	1
42016	1
41928	1
41862	1
41760	1
41736	1
41724	1
41708	1
41660	1
41588	1
41352	1
41312	1
41247	1
41213	1
40798	1
40650	1
40304	1
40048	1
39928	1
39824	1
39752	1
39396	1
39392	1
39332	1
39268	1
39177	1
39161	1
39113	1
38742	1
38566	1
38550	1
38538	1
38432	1
37832	1
37416	1
37352	1
37344	1
37232	1
36976	1
36776	1
36657	1
36617	1
36612	1
36584	1
36569	1
36548	1
36484	1
36325	1
36313	1
36305	1
36281	1
36265	1
36217	1
36046	1
36030	1
35512	1
34656	1
34602	1
34192	1
34144	1
33808	1
33576	1
33552	1
33440	1
33384	1
33276	1
33268	1
33181	1
33169	1
33161	1
33137	1
33121	1
33073	1
33026	1
33022	1
32744	1
32448	1
30752	1
29560	1
29488	1
29472	1
29432	1
29424	1
29420	1
29418	1
29416	1
29412	1
29411	1
29410	1
29409	1
29120	1
26200	1
25792	1
24508	1
24507	1
24506	1
24505	1
24504	1
24502	1
24500	1
24496	1
24480	1
24464	1
24392	1
24224	1
23392	1
22926	1
22856	1
22080	1
22016	1
21968	1
21736	1
21498	1
21453	1
21413	1
21401	1
21381	1
21373	1
21363	1
21292	1
21284	1
21072	1
21048	1
21011	1
20576	1
20528	1
20376	1
20224	1
20192	1
20182	1
19494	1
19432	1
18990	1
18978	1
18833	1
18793	1
18781	1
18761	1
18753	1
18612	1
18564	1
18541	1
18536	1
18508	1
18501	1
18467	1
18376	1
18224	1
18070	1
18000	1
17952	1
17896	1
17496	1
16992	1
16878	1
16730	1
16421	1
16381	1
16367	1
16292	1
16244	1
16224	2
16188	1
15896	1
15856	1
15752	1
15666	1
15664	1
15440	1
15142	1
14671	1
14641	1
14624	1
14568	1
14460	1
14368	1
14364	1
14300	1
14248	1
14244	1
14130	1
14088	1
13976	1
13694	1
13576	1
13520	1
13488	1
13257	1
13217	1
13203	1
12850	1
12832	1
12740	1
12732	1
12648	1
12520	1
12488	1
12486	1
12424	1
12242	1
12168	1
12088	1
12033	1
11993	1
11981	1
11961	1
11953	1
11943	1
11936	1
11920	1
11888	1
11484	1
11482	1
11466	1
11436	1
11380	1
11362	1
11346	1
11322	1
11254	1
11064	1
10983	1
10848	1
10794	1
10765	1
10600	1
10576	2
10454	1
10356	1
10352	1
10336	1
10320	1
10292	1
10252	1
10216	1
10183	1
10170	1
10138	1
10069	1
9952	1
9896	1
9666	1
9656	1
9654	1
9517	1
9477	1
9463	1
9456	1
9444	1
9412	1
9368	1
9364	1
9308	1
9233	1
9122	1
9054	1
9032	1
8976	1
8877	1
8863	1
8738	1
8736	1
8678	1
8628	1
8572	1
8542	1
8438	1
8424	1
8417	1
8377	1
8363	1
8336	1
8328	1
8272	1
8248	1
8222	1
8198	1
8176	1
8130	1
8128	1
8120	1
8004	1
8001	1
7968	1
7964	1
7947	1
7864	1
7850	1
7734	1
7678	1
7666	1
7645	1
7614	1
7581	1
7573	1
7563	1
7540	1
7508	1
7452	1
7448	1
7418	1
7400	1
7386	1
7344	1
7333	1
7293	1
7283	1
7281	1
7261	1
7253	1
7232	1
7164	1
7140	1
7126	1
7110	1
7101	1
7098	1
7084	1
7072	1
7070	1
7061	1
7056	1
7047	1
7000	2
6950	1
6940	1
6918	1
6916	1
6888	1
6863	1
6830	1
6750	1
6722	1
6709	1
6679	1
6678	1
6661	1
6646	1
6636	1
6597	1
6576	1
6560	1
6535	1
6523	1
6520	1
6518	1
6504	1
6484	1
6456	1
6369	1
6342	1
6322	1
6320	1
6256	1
6244	1
6241	1
6217	1
6202	1
6160	1
6157	1
6152	1
6148	1
6143	1
6134	1
6111	1
6104	1
6062	1
6050	1
6028	1
6002	1
5990	1
5960	1
5952	1
5941	1
5923	1
5909	1
5901	1
5892	1
5890	1
5856	1
5850	1
5848	1
5783	1
5743	1
5734	2
5729	1
5708	1
5670	1
5648	1
5638	1
5592	1
5586	1
5580	1
5564	1
5563	1
5540	1
5536	1
5528	1
5480	1
5436	1
5418	1
5392	1
5336	1
5328	1
5324	1
5322	1
5280	1
5276	1
5254	1
5220	1
5186	1
5176	1
5168	1
5164	1
5142	1
5088	1
5082	1
5076	1
5066	1
5046	1
5000	1
4900	3
4896	5
4864	4
4672	1
4352	1
4336	1
4296	1
4290	1
4282	1
4278	1
4274	2
4272	1
4256	2
4192	2
4096	2
4032	1
3968	1
3872	1
3796	1
3792	1
3776	1
3766	1
3758	1
3754	1
3750	2
3720	1
3706	1
3704	1
3698	1
3696	2
3692	1
3664	1
3616	1
3584	1
3568	1
3520	1
3488	1
3392	1
3372	1
3344	1
3282	1
3274	1
3272	1
3256	1
3240	1
3232	1
3200	1
3184	1
3168	1
3136	3
3104	1
3072	1
3040	1
3024	1
2932	1
2928	1
2896	1
2880	1
2864	2
2856	1
2848	1
2832	1
2824	1
2800	1
2784	1
2736	1
2688	3
2650	1
2648	1
2642	1
2640	1
2576	1
2568	1
2560	2
2544	2
2512	1
2496	1
2480	2
2416	1
2406	1
2400	1
2398	1
2394	1
2390	2
2388	1
2368	3
2352	1
2296	1
2292	2
2280	1
2272	1
2268	2
2260	1
2248	1
2208	1
2196	2
2152	1
2112	3
2088	1
2080	1
2064	1
2056	1
2048	2
2036	1
2032	1
2024	1
1968	2
1932	2
1928	1
1920	2
1902	1
1896	1
1894	1
1892	1
1888	2
1880	1
1864	1
1856	2
1820	1
1808	1
1792	2
1774	1
1772	1
1732	1
1728	1
1720	1
1712	1
1708	1
1684	1
1682	1
1680	1
1674	1
1672	1
1648	1
1644	1
1636	1
1632	3
1624	1
1600	2
1598	1
1588	1
1584	1
1568	2
1536	1
1532	1
1528	1
1520	1
1514	2
1512	1
1504	1
1496	1
1488	2
1480	1
1472	1
1466	1
1458	1
1454	1
1450	2
1440	1
1432	1
1424	1
1420	1
1418	1
1412	1
1410	1
1408	5
1392	1
1388	1
1384	1
1380	1
1376	3
1372	1
1368	1
1364	1
1348	1
1344	1
1334	1
1332	2
1320	1
1318	1
1304	1
1300	1
1296	2
1280	3
1272	1
1268	1
1264	1
1248	2
1246	1
1242	1
1240	1
1230	1
1228	1
1224	2
1220	1
1216	3
1212	1
1208	1
1200	1
1192	2
1188	1
1184	1
1180	2
1176	2
1168	2
1156	1
1152	3
1148	1
1144	2
1136	2
1132	1
1124	1
1120	1
1112	3
1104	3
1088	2
1080	2
1064	1
1060	2
1056	3
1048	2
1040	1
1036	1
1024	6
1012	2
1008	2
992	3
984	1
976	1
960	3
948	1
928	1
920	1
860	1
784	2
768	1
704	1
640	1
600	1
576	1
512	1
472	1
384	1
304	1
300	1
256	1
216	1
54	1
