902
67136
60360	1
60344	1
60338	1
60336	1
60256	1
60232	1
60206	1
60185	1
60140	1
60129	1
60112	1
60076	1
60030	1
59998	1
59990	1
59976	1
59961	1
59945	1
59936	1
59920	1
59912	1
59884	1
59839	1
59800	1
59767	1
59760	1
59756	1
59728	1
59710	1
59703	1
59608	1
59607	1
59592	1
59585	1
59569	1
59552	1
59542	1
59536	1
59478	1
59462	1
59424	1
59420	1
59336	1
59312	1
59311	1
59296	1
59270	1
59248	1
59239	1
59224	1
59196	1
59175	1
59065	1
59048	1
59024	1
59014	1
58950	1
58908	1
58872	1
58854	1
58836	1
58778	1
58773	1
58770	1
58769	1
58720	1
58712	1
58672	1
58640	1
58548	1
58534	1
58495	1
58491	1
58464	1
58404	1
58360	1
58336	1
58324	1
58307	1
58280	1
58192	1
58187	1
58168	1
58150	1
58086	1
58070	1
58064	1
58016	1
58003	1
57974	1
57922	1
57904	1
57892	1
57844	1
57828	1
57821	1
57704	1
57698	1
57696	1
57672	1
57666	1
57634	1
57625	1
57608	1
57604	1
57576	1
57488	1
57466	1
57416	1
57362	1
57353	1
57324	1
57312	1
57296	1
57272	1
57174	1
57136	1
57108	1
57041	1
56928	1
56903	1
56764	1
56750	1
56742	1
56712	1
56709	1
56700	1
56648	1
56616	1
56592	1
56584	1
56400	1
56370	1
56369	1
56368	1
56264	1
56244	1
56200	1
56160	1
56020	1
55939	1
55904	1
55786	1
55781	1
55770	1
55758	1
55752	1
55688	1
55504	1
55472	1
55396	1
55236	1
55228	1
55200	1
55197	1
55144	1
55117	1
55112	1
55040	1
54917	1
54909	1
54834	1
54829	1
54818	1
54795	1
54752	1
54728	1
54688	1
54626	1
54452	1
54416	1
54384	1
54100	1
54053	1
54045	1
54040	1
54013	1
53976	1
53964	1
53792	1
53790	1
53728	1
53690	1
53632	1
53498	1
53307	1
53136	1
53123	1
53113	1
53080	1
53072	1
53024	1
53016	1
52980	1
52944	1
52912	1
52648	1
52580	1
52338	1
52292	1
52266	1
52206	1
52192	1
52132	1
52064	1
52033	1
52007	1
51868	1
51808	1
51496	1
51464	1
51400	1
51344	1
51312	1
51272	1
51216	1
51000	1
50936	1
50858	1
50786	1
50737	1
50705	1
50592	1
50412	1
50380	1
50092	1
49996	1
49888	1
49432	1
49392	1
49368	1
49336	1
49304	1
49296	1
49214	1
49175	1
49143	1
49082	1
49010	1
48984	1
48920	1
48864	1
48564	1
48164	1
48071	1
47968	1
47809	1
47684	1
47492	1
47428	1
47110	1
47108	1
47088	1
47080	1
47016	1
46960	1
46950	1
46688	1
45984	1
45983	1
45669	1
45152	1
45148	1
44812	1
44792	1
44762	1
44728	1
44482	1
44448	1
44428	1
44410	1
44304	1
44176	1
43244	1
43168	1
43101	1
43069	1
42987	1
42664	1
42412	1
41976	1
41640	1
41532	1
41504	1
41502	1
41430	1
41264	1
41248	1
40928	1
40816	1
40500	1
40484	1
40224	1
39981	1
39824	1
39409	1
39401	1
39369	1
39343	1
39072	1
38794	1
38280	1
38216	1
38184	1
38152	1
37930	1
37858	1
37832	1
37768	1
37740	1
37724	1
36784	1
36704	1
35600	1
35541	1
35509	1
35168	1
34208	1
33648	1
33640	1
33632	1
33608	1
33588	1
33584	1
33576	1
33574	1
33572	1
33571	1
33570	1
33569	1
33280	1
30512	1
30191	1
29568	1
29456	1
29061	1
27976	1
27974	1
27972	1
27970	1
27964	1
27944	1
27936	1
27928	1
27488	1
27038	1
26656	1
26357	1
26331	1
26288	1
25751	1
25376	1
25296	1
25212	1
25184	1
24896	1
24692	1
24500	1
24488	1
24424	1
24402	1
24168	1
24136	1
24104	1
24056	1
23622	1
23392	1
23161	1
23141	1
23113	1
23040	1
23032	1
22768	1
22631	1
22432	1
22204	1
21936	1
21856	1
21584	1
21422	1
21408	1
21362	1
21340	1
21268	1
20968	1
20604	1
20466	1
20408	1
20125	1
20057	1
20031	1
20000	1
19356	1
19152	1
19056	1
18924	1
18912	1
18882	1
18680	1
18646	1
18632	1
18604	1
18336	1
18324	1
17988	1
17891	1
17632	1
17629	1
17056	1
17046	1
16822	1
16816	1
16776	1
16728	1
16720	1
16692	1
16690	1
16557	1
16212	1
16107	1
16032	1
15812	1
15624	1
15484	1
15264	1
15192	1
15128	1
15046	1
14995	1
14969	1
14960	1
14938	1
14896	1
14872	1
14840	1
14808	1
14800	1
14760	1
14432	1
14284	1
14204	1
13964	1
13940	1
13828	1
13792	1
13693	1
13667	1
13626	1
13566	1
13448	1
13224	1
13216	1
13200	1
13168	1
13128	1
13064	1
13054	1
13048	1
12879	1
12832	1
12724	1
12609	1
12587	1
12512	1
12442	1
12394	1
12372	1
12334	1
12132	1
12088	1
11856	2
11808	1
11804	1
11768	1
11728	1
11720	1
11696	1
11687	1
11616	1
11525	1
11333	1
11206	1
11168	1
11122	1
11081	1
10980	1
10968	1
10937	1
10920	1
10903	1
10868	1
10640	1
10608	1
10572	1
10426	1
10400	1
10344	1
10336	1
10285	1
10266	1
10257	1
10254	1
10193	1
10189	1
10176	1
10024	1
10017	1
10008	1
9952	1
9951	1
9924	2
9832	1
9788	1
9744	1
9712	1
9592	1
9544	1
9496	1
9482	1
9474	1
9462	1
9376	1
9331	1
9268	1
9184	1
9128	1
9084	1
9064	1
9024	1
8978	1
8976	2
8974	1
8973	1
8816	1
8808	1
8700	1
8696	1
8691	1
8662	1
8658	1
8644	1
8582	1
8544	1
8529	1
8524	1
8518	1
8492	1
8488	1
8436	1
8413	1
8364	1
8336	1
8310	1
8258	1
8232	1
8224	1
8208	1
8192	1
8180	1
8153	1
8146	1
8104	1
8048	1
7976	1
7944	1
7927	1
7904	1
7864	1
7822	1
7768	1
7767	1
7764	1
7763	1
7748	1
7708	1
7696	1
7648	1
7638	1
7615	1
7586	1
7568	1
7558	1
7542	1
7490	1
7480	1
7472	1
7459	1
7392	1
7378	1
7359	1
7348	1
7320	1
7264	1
7205	1
7201	1
7170	1
7088	1
7072	1
7061	1
7056	1
7032	1
6973	1
6971	1
6966	1
6924	1
6902	1
6888	1
6860	1
6822	1
6770	1
6768	1
6744	1
6635	1
6620	1
6600	1
6581	1
6576	1
6560	1
6558	1
6544	1
6521	1
6504	1
6436	1
6432	1
6398	1
6368	1
6352	1
6330	1
6307	1
6296	1
6280	1
6275	1
6203	1
6195	1
6192	1
6190	1
6160	1
6156	1
6141	1
6120	1
6081	1
6048	1
6044	1
6032	1
6024	1
6008	1
5993	1
5976	1
5958	1
5950	1
5922	1
5884	1
5872	1
5841	1
5836	1
5793	1
5792	1
5778	1
5768	1
5680	1
5672	1
5666	1
5592	3
5584	3
5568	2
5440	1
5376	1
5312	1
5270	1
5264	1
5248	1
5056	2
4896	1
4880	2
4876	1
4816	3
4800	1
4720	1
4672	1
4632	1
4626	1
4622	1
4544	1
4524	1
4504	1
4480	1
4432	1
4384	1
4352	1
4288	1
4284	1
4272	1
4264	1
4224	1
4200	1
4192	1
4160	1
4120	1
4064	1
4032	1
4024	1
4010	1
4004	1
3968	1
3840	1
3808	1
3784	1
3776	2
3772	1
3728	2
3720	1
3712	1
3664	1
3648	1
3576	1
3524	1
3520	1
3392	1
3376	1
3364	1
3360	1
3344	1
3336	2
3328	2
3264	1
3240	1
3220	1
3160	1
3136	1
3088	1
3040	1
3024	2
3008	2
2998	1
2992	1
2984	1
2960	3
2944	3
2856	1
2840	1
2816	1
2792	1
2784	1
2752	1
2738	1
2732	1
2724	1
2712	1
2688	1
2640	1
2624	3
2608	2
2592	1
2544	1
2520	1
2516	1
2508	1
2496	1
2488	1
2476	1
2472	1
2464	2
2432	1
2424	1
2400	1
2368	1
2352	2
2336	4
2304	3
2260	1
2240	1
2224	1
2192	2
2186	1
2180	1
2176	2
2168	2
2112	3
2084	1
2064	1
2056	1
2052	1
2050	1
2048	3
2034	1
2030	1
2002	1
2000	1
1988	1
1984	3
1976	2
1960	1
1952	1
1920	3
1904	1
1896	1
1892	1
1888	2
1866	1
1856	2
1848	1
1808	3
1794	1
1792	4
1760	1
1758	1
1744	1
1736	2
1732	1
1728	4
1720	1
1704	1
1682	1
1664	3
1632	3
1630	1
1628	1
1616	1
1600	2
1584	3
1568	1
1552	1
1544	2
1536	3
1524	1
1508	2
1504	1
1496	1
1490	1
1488	1
1472	2
1470	1
1464	1
1456	1
1440	2
1432	1
1408	4
1394	1
1392	4
1380	1
1376	2
1368	1
1366	1
1364	1
1352	1
1344	3
1326	1
1320	1
1316	1
1312	2
1308	1
1304	1
1296	1
1280	4
1276	1
1264	1
1260	1
1254	1
1248	3
1238	1
1236	1
1228	1
1224	1
1216	5
1212	1
1208	1
1200	1
1198	1
1188	2
1184	3
1176	2
1166	1
1160	1
1158	1
1152	3
1136	1
1134	1
1132	1
1128	1
1120	2
1088	4
1080	1
1040	1
984	2
976	1
972	1
960	2
896	1
780	1
768	1
704	2
688	1
584	1
576	1
490	1
456	1
384	1
296	1
288	1
280	1
274	1
64	1
