913
63168
56848	1
56844	1
56800	1
56792	1
56782	1
56726	1
56724	1
56676	1
56656	1
56626	1
56624	1
56574	1
56472	1
56446	1
56406	1
56372	1
56366	1
56352	1
56332	1
56329	1
56313	1
56312	1
56305	1
56280	1
56265	1
56256	1
56232	1
56225	1
56198	1
56176	1
56168	1
56164	1
56161	1
56106	1
56105	1
56103	1
56048	1
56013	1
56004	1
55976	1
55950	1
55905	1
55857	1
55841	1
55840	1
55830	1
55824	1
55812	1
55800	1
55736	1
55729	1
55679	1
55660	1
55644	1
55562	1
55511	1
55498	1
55476	1
55472	1
55460	1
55458	1
55450	1
55432	1
55410	1
55408	1
55392	1
55385	1
55368	1
55333	1
55260	1
55147	1
55123	1
55072	1
55064	1
55050	1
55042	1
55027	1
55000	1
54995	1
54972	1
54962	1
54925	1
54883	1
54882	1
54835	1
54752	1
54713	1
54704	1
54681	1
54672	1
54668	1
54632	1
54623	1
54568	1
54562	1
54530	1
54482	1
54408	1
54402	1
54372	1
54322	1
54304	1
54285	1
54284	1
54117	1
54104	1
53916	1
53890	1
53889	1
53866	1
53840	1
53826	1
53817	1
53810	1
53792	1
53769	1
53722	1
53712	1
53704	1
53497	1
53496	1
53488	1
53436	1
53433	1
53425	1
53402	1
53388	1
53308	1
53234	1
53212	1
53200	1
53087	1
52948	1
52933	1
52760	1
52757	1
52704	1
52696	1
52686	1
52628	1
52582	1
52568	1
52566	1
52504	1
52440	1
52411	1
52400	1
52371	1
52352	1
52196	1
52080	1
52016	1
51932	1
51872	1
51819	1
51782	1
51775	1
51766	1
51560	1
51496	1
51412	1
51384	1
51284	1
51107	1
51092	1
50912	1
50867	1
50822	1
50790	1
50750	1
50704	1
50699	1
50688	1
50640	1
50630	1
50576	1
50572	1
50566	1
50550	1
50424	1
50360	1
50356	1
49859	1
49835	1
49811	1
49760	1
49378	1
49362	1
49236	1
49172	1
49128	1
49092	1
49073	1
49064	1
49000	1
48996	1
48961	1
48939	1
48912	1
48656	1
48572	1
48464	1
48352	1
48208	1
48016	1
47971	1
47952	1
47938	1
47931	1
47914	1
47906	1
47888	1
47883	1
47874	1
47835	1
47648	1
47572	1
47416	1
47374	1
47368	1
47314	1
47100	1
46688	1
46647	1
46595	1
46399	1
46132	1
46101	1
45868	1
45744	1
45680	1
45550	1
45464	1
45462	1
45416	1
45382	1
44565	1
44512	1
44473	1
44404	1
44192	1
44084	1
43901	1
43733	1
43604	1
43434	1
43162	1
43146	1
43128	1
43124	1
43064	1
43056	1
42992	1
42936	1
42932	1
42928	1
42872	1
42808	1
42791	1
42768	1
42696	1
42495	1
42182	1
42118	1
42080	1
41932	1
41725	1
41695	1
41612	1
41248	1
40564	1
39928	1
39808	1
39800	1
39728	1
39720	1
39536	1
39472	1
39408	1
39290	1
39279	1
39226	1
39210	1
39027	1
39008	1
38688	1
38588	1
38579	1
38571	1
38555	1
38547	1
38499	1
37600	1
37484	1
36320	1
36232	1
36176	1
36168	1
36124	1
36104	1
35934	1
35932	1
35848	1
35754	1
35592	1
35504	1
35492	1
35443	1
35363	1
35339	1
35297	1
33760	1
32224	1
31648	1
31636	1
31632	1
31620	1
31610	1
31608	1
31604	1
31602	1
31601	1
31600	1
31594	1
31593	1
31592	1
31589	1
31588	1
31586	1
31585	1
31232	1
30691	1
27584	1
26960	1
26328	1
26324	1
26322	1
26321	1
26314	1
26313	1
26312	1
26308	1
26307	1
26306	1
26302	1
26292	1
26288	1
26284	1
26272	1
26072	1
25824	1
25260	1
24544	1
23968	1
23488	1
23260	1
23227	1
23191	1
23171	1
23105	1
23056	1
22984	1
22846	1
22700	1
22698	1
22568	1
22512	1
22504	1
22456	1
22432	1
21911	1
21568	1
21404	1
21344	1
20559	1
20519	1
20511	1
20499	1
20484	1
20266	1
20192	1
20119	1
20036	1
19954	1
19909	1
19902	1
19824	1
19760	1
19696	1
19544	1
19536	1
19520	1
19480	1
19368	1
19224	1
19166	1
19119	1
19112	1
19109	1
18910	1
18844	1
18736	1
18272	1
17880	1
17871	1
17700	1
17632	1
17560	1
17520	1
17490	1
16981	1
16868	1
16816	1
16784	1
16760	1
16712	1
16708	1
16674	1
16446	1
16308	1
16197	1
16057	1
15908	1
15840	1
15644	1
15584	1
15581	1
15503	1
14822	1
14808	1
14760	1
14758	1
14682	1
14676	1
14624	1
14576	1
14544	1
14342	1
14320	1
14223	1
14204	1
13975	1
13811	1
13792	1
13769	1
13396	1
13176	1
13162	1
13128	1
13004	1
12963	1
12816	1
12779	1
12752	1
12746	1
12739	1
12722	1
12714	1
12699	1
12694	1
12688	1
12665	1
12496	1
12384	1
12164	1
12121	1
12112	1
11944	1
11888	1
11841	1
11816	1
11812	1
11747	1
11732	1
11704	1
11668	1
11612	1
11506	1
11494	1
11414	1
11232	1
11216	1
11196	1
11131	1
11111	1
10792	1
10684	1
10680	1
10553	1
10518	1
10512	1
10502	1
10500	1
10416	1
10391	1
10350	1
10318	1
10290	1
10272	1
10068	1
10051	1
9864	1
9848	1
9840	1
9804	1
9736	1
9720	1
9688	1
9564	1
9502	1
9495	1
9490	1
9459	1
9440	1
9364	1
9264	1
9148	1
9048	1
9024	1
8999	1
8976	1
8965	1
8838	1
8832	1
8822	1
8788	1
8752	1
8738	1
8736	1
8728	1
8680	1
8677	1
8531	1
8524	1
8414	1
8401	1
8300	1
8282	1
8220	1
8156	1
8121	1
8113	1
8080	1
8072	1
8061	1
7986	1
7896	1
7888	1
7874	1
7840	1
7833	1
7802	1
7793	1
7792	1
7786	1
7754	1
7734	1
7733	1
7716	1
7654	1
7616	1
7560	1
7543	1
7483	1
7404	1
7403	1
7392	1
7388	1
7332	1
7306	1
7304	1
7242	1
7202	1
7176	1
7174	1
7128	1
7121	1
7088	1
7084	1
7073	1
7072	1
7056	1
7047	1
6988	1
6964	1
6950	1
6945	1
6935	1
6906	1
6905	1
6871	1
6842	1
6808	1
6785	1
6766	1
6760	1
6752	1
6711	1
6705	1
6703	1
6688	1
6685	1
6640	1
6596	1
6531	1
6504	1
6487	1
6466	1
6456	1
6434	1
6416	1
6412	1
6394	1
6381	1
6342	1
6328	1
6260	1
6241	1
6201	1
6200	2
6167	1
6152	1
6132	1
6128	1
6118	1
6112	1
6093	1
6018	1
6008	1
5972	1
5965	1
5963	1
5936	1
5889	1
5886	1
5844	1
5841	1
5840	1
5824	1
5810	1
5787	1
5784	1
5778	1
5753	1
5752	1
5728	1
5721	1
5700	1
5670	1
5668	1
5638	1
5602	1
5592	1
5498	1
5456	2
5454	1
5412	1
5372	1
5344	1
5322	1
5320	1
5296	1
5276	1
5262	2
5260	4
5256	4
5248	6
5120	1
4864	1
4644	1
4638	1
4634	1
4620	1
4608	2
4592	1
4568	1
4536	2
4496	2
4480	2
4416	2
4280	1
4224	1
4110	1
4102	2
4098	1
4096	1
4022	1
3988	1
3980	1
3976	1
3968	1
3936	3
3904	2
3888	1
3872	1
3840	2
3760	1
3692	1
3648	1
3572	1
3536	1
3496	1
3456	2
3396	1
3368	1
3360	1
3344	1
3336	1
3332	1
3328	2
3288	1
3256	1
3238	1
3210	1
3176	1
3136	1
3120	1
3114	1
3100	1
3072	1
2964	1
2948	1
2944	3
2936	1
2912	1
2880	1
2844	1
2832	1
2800	1
2794	1
2762	1
2752	1
2720	1
2688	1
2678	1
2672	1
2632	1
2624	3
2592	1
2554	1
2548	1
2546	1
2540	2
2538	1
2536	1
2532	1
2528	2
2464	1
2432	2
2416	1
2400	1
2368	1
2366	1
2364	1
2360	1
2352	1
2348	1
2344	1
2336	1
2328	1
2320	1
2300	1
2296	1
2226	1
2222	1
2176	1
2160	1
2140	1
2128	2
2108	1
2100	2
2096	1
2080	1
2078	1
2068	1
2060	1
2056	1
2048	1
2010	1
2008	1
1984	1
1952	2
1936	1
1920	2
1900	1
1898	1
1896	1
1890	1
1888	1
1872	1
1856	1
1824	2
1798	1
1792	3
1784	1
1764	2
1752	1
1748	1
1744	2
1734	1
1728	2
1704	1
1696	1
1680	1
1664	1
1656	1
1652	1
1640	1
1624	1
1622	2
1610	1
1600	2
1572	1
1568	2
1566	1
1558	1
1556	2
1554	1
1552	1
1548	1
1546	1
1544	1
1536	3
1520	1
1512	1
1508	1
1504	1
1480	2
1472	1
1464	1
1460	1
1456	1
1444	1
1436	1
1432	1
1424	2
1416	1
1414	1
1408	4
1388	1
1380	2
1372	1
1364	1
1360	1
1356	1
1352	2
1344	3
1340	1
1336	1
1312	3
1304	1
1296	2
1292	1
1284	1
1280	3
1276	2
1264	1
1248	4
1238	1
1232	1
1224	1
1220	1
1218	1
1216	4
1208	1
1200	1
1192	2
1184	2
1176	2
1166	1
1160	2
1156	1
1152	3
1150	1
1142	1
1136	2
1132	1
1128	1
1124	2
1120	3
1104	1
1096	1
1088	6
1080	1
1072	1
1064	1
1056	2
1048	1
1024	2
1008	1
896	1
888	1
874	1
860	1
856	1
832	1
816	1
800	1
760	1
690	1
688	2
664	1
616	1
560	1
528	1
512	1
472	1
448	1
360	1
346	1
328	1
320	2
168	1
