730
33600
30236	1
30198	1
30172	1
30154	1
30130	1
30128	1
30120	1
30076	1
30072	1
30052	1
30034	1
29980	1
29972	1
29950	1
29945	1
29934	1
29927	1
29918	1
29801	1
29790	1
29784	1
29744	1
29737	1
29718	1
29717	1
29712	1
29708	1
29704	1
29694	1
29616	1
29612	1
29595	1
29546	1
29543	1
29532	1
29502	1
29499	1
29461	1
29450	1
29402	1
29360	1
29332	1
29304	1
29297	1
29289	1
29264	1
29236	1
29226	1
29208	1
29177	1
29137	1
29136	1
29130	1
29113	1
29106	1
29093	1
29073	1
29041	1
29017	1
29011	1
29010	1
28982	1
28972	1
28968	1
28935	1
28912	1
28876	1
28838	1
28806	1
28765	1
28727	1
28721	1
28718	1
28716	1
28684	1
28620	1
28600	1
28560	1
28524	1
28461	1
28454	1
28390	1
28382	1
28377	1
28365	1
28328	1
28304	1
28294	1
28176	1
28173	1
28161	1
28085	1
28066	1
28020	1
27976	1
27946	1
27924	1
27920	1
27880	1
27844	1
27837	1
27817	1
27786	1
27773	1
27721	1
27706	1
27697	1
27684	1
27668	1
27664	1
27640	1
27625	1
27610	1
27588	1
27572	1
27537	1
27514	1
27476	1
27472	1
27408	1
27396	1
27380	1
27370	1
27300	1
27216	1
27211	1
27200	1
27186	1
27179	1
27115	1
27090	1
27056	1
26976	1
26876	1
26870	1
26824	1
26760	1
26659	1
26643	1
26579	1
26576	1
26570	1
26536	1
26476	1
26440	1
26412	1
26384	1
26360	1
26316	1
26302	1
26273	1
26180	1
26128	1
26015	1
25840	1
25770	1
25692	1
25557	1
25541	1
25506	1
25456	1
25353	1
25288	1
25264	1
25192	1
25132	1
25114	1
25068	1
24972	1
24838	1
24816	1
24815	1
24720	1
24559	1
24528	1
24468	1
24442	1
24251	1
24196	1
24058	1
24036	1
23888	1
23883	1
23844	1
23784	1
23696	1
23688	1
23624	1
23598	1
23595	1
23500	1
23438	1
23432	1
23248	1
23240	1
22965	1
22916	1
22738	1
22500	1
22352	1
22339	1
22179	1
22096	1
22014	1
21992	1
21960	1
21768	1
21736	1
21587	1
21576	1
21352	1
21320	1
21300	1
21248	1
21168	1
21160	1
20964	1
20877	1
20862	1
20838	1
20742	1
20564	1
20432	1
20404	1
20164	1
20025	1
19984	1
19540	1
19496	1
19484	1
19464	1
19432	1
19272	1
19240	1
19142	1
19110	1
19080	1
18992	1
18909	1
18897	1
18887	1
18810	1
18224	1
17748	1
17684	1
17584	1
17136	1
17000	1
16968	1
16852	1
16840	1
16836	1
16826	1
16820	1
16818	1
16816	1
16813	1
16810	1
16808	1
16805	1
16804	1
16802	1
16801	1
16544	1
16407	1
16312	1
15068	1
14592	1
14088	1
14004	1
14002	1
14001	1
14000	1
13994	1
13993	1
13991	1
13988	1
13986	1
13982	1
13972	1
13864	1
13848	1
13744	1
13360	1
13268	1
13212	1
12852	1
12816	1
12512	1
12342	1
12326	1
12261	1
12253	1
12176	1
12104	1
12078	1
12050	1
11976	1
11944	1
11816	1
11784	1
11768	1
11764	1
11700	1
11672	1
11424	1
11376	1
11352	1
11313	1
11204	1
10992	1
10868	1
10775	1
10718	1
10638	1
10603	1
10532	1
10384	1
10376	1
10304	1
10252	1
10248	1
10024	1
10011	1
9896	1
9880	1
9704	1
9688	1
9658	1
9616	1
9506	1
9392	1
9385	1
9252	1
9054	1
9005	1
8908	1
8863	1
8656	1
8648	1
8488	1
8420	1
8338	1
8272	1
8264	1
8184	1
8132	1
8112	1
8099	1
7972	1
7954	1
7862	1
7844	1
7824	1
7791	1
7612	1
7570	1
7535	1
7408	1
7344	1
7321	1
7221	1
7196	1
7116	1
7074	1
7060	1
7016	1
6960	1
6936	1
6873	1
6800	1
6746	1
6703	1
6596	1
6536	1
6526	1
6480	1
6344	1
6321	1
6313	1
6256	1
6188	1
6107	1
6082	1
6076	1
6032	1
5996	1
5940	1
5928	1
5896	1
5872	1
5862	1
5851	1
5799	1
5785	1
5656	1
5610	1
5604	1
5508	1
5456	1
5426	1
5376	1
5351	1
5346	1
5328	1
5325	1
5275	1
5252	1
5200	1
5194	1
5188	2
5168	1
5136	1
5108	1
5074	1
5053	1
5048	1
5012	1
4994	1
4981	1
4968	1
4948	1
4932	1
4914	1
4901	1
4857	1
4846	1
4821	1
4804	1
4803	1
4800	1
4776	1
4752	1
4732	1
4714	1
4652	1
4631	1
4614	1
4597	1
4533	1
4528	1
4523	1
4444	1
4432	1
4422	1
4408	1
4401	1
4399	1
4355	1
4353	1
4350	1
4342	1
4290	1
4283	1
4236	1
4208	1
4168	1
4156	1
4128	1
4100	1
4070	1
4061	1
4031	1
3998	1
3970	1
3962	1
3940	1
3920	1
3889	1
3864	1
3860	1
3850	1
3826	1
3825	1
3824	1
3821	1
3803	1
3773	1
3741	1
3728	2
3726	1
3721	1
3687	1
3672	1
3646	1
3644	1
3632	1
3593	1
3592	1
3587	1
3564	1
3502	1
3464	1
3462	1
3451	1
3419	1
3418	1
3396	1
3382	1
3381	1
3344	1
3324	1
3258	1
3256	1
3252	1
3238	1
3237	1
3221	1
3216	1
3178	1
3167	1
3070	1
3061	1
3058	1
3047	1
3042	1
3030	1
3028	1
3020	1
2974	1
2964	1
2952	1
2940	1
2904	1
2896	1
2894	1
2874	1
2860	1
2804	1
2798	1
2796	4
2792	4
2784	1
2768	1
2752	2
2720	1
2704	1
2656	1
2648	1
2640	1
2560	1
2464	1
2452	1
2450	1
2432	1
2416	1
2412	1
2408	1
2384	2
2352	3
2336	1
2262	1
2240	1
2232	1
2176	1
2168	1
2140	1
2124	1
2120	1
2104	1
2064	1
2048	3
2032	1
2002	1
2000	1
1984	1
1968	1
1936	1
1928	1
1920	1
1888	1
1876	1
1856	2
1848	1
1808	1
1776	1
1772	1
1712	1
1696	1
1680	3
1664	1
1648	1
1632	2
1624	1
1618	1
1600	1
1592	1
1588	1
1560	1
1558	1
1520	1
1506	1
1504	1
1496	1
1472	1
1464	1
1440	1
1432	1
1416	1
1412	1
1408	1
1392	1
1376	2
1374	1
1348	1
1344	1
1340	1
1312	1
1304	1
1296	1
1280	1
1264	1
1248	1
1232	1
1220	1
1216	2
1208	2
1192	2
1184	2
1170	1
1168	2
1158	1
1156	1
1152	1
1120	3
1088	1
1084	1
1070	1
1068	1
1064	1
1056	1
1048	1
1036	1
1032	1
1024	2
1016	1
1012	1
1010	1
1000	2
996	1
994	1
992	2
984	2
980	1
978	1
970	1
968	1
962	1
960	1
952	1
944	2
940	1
928	2
920	1
918	1
912	1
906	1
904	1
896	2
884	1
870	1
868	2
864	2
856	2
840	2
838	1
834	1
832	2
824	1
816	2
812	2
804	1
796	1
792	1
784	1
776	1
768	4
764	2
762	1
754	1
746	1
744	1
742	1
736	3
728	1
720	2
718	1
716	1
704	5
698	1
696	2
688	2
682	1
680	1
676	1
672	2
664	1
656	1
648	1
646	2
644	1
642	1
640	4
632	2
628	1
612	2
608	3
600	2
592	1
584	2
576	5
572	1
568	1
560	1
532	1
448	2
440	1
416	1
396	1
388	1
384	1
372	1
352	1
248	1
202	1
192	1
172	1
160	3
152	1
96	1
