count:  505
roll width:  [11000]
roll_price:  [5]
demand_width_array:  [3484 3539 3568 1625 1959 2066 2175 2195 2202 2212 2435 2485 2515 2476
 2486 2496 2506 2516 2500 2540 2581 2611 2621 2631 2641 2651 3005 3025
 3035 3045 3065 3075 3072 3080 3112 3122 3132 3142 3152 3109 3166 3189
 3199 3170 3210 3264 3280 3317 3318 3320 3330 3340 3350 3302 3342 3257
 3309 3319 3329 3321 3269 3279 3315 3325 3307 3317 3327 3273 3283 3293
 3303 3313 3353 3282 3334 3407 3417 3383 3412 3345 3354 3374 3400 3420
 3440 3380 3390 3387 3397 3407 3417 3427 3437 3447 3457 3467 3388 3398
 3432 3373 3443 3453 3424 3462 3365 3385 3401 3485 3495 3505 3515 3490
 3510 3403 3413 3423 3433 3443 3453 3463 3473 3483 3493 3503 3486 3496
 3449 3459 3462 3484 3486 3507 3482 3514 3440 3450 3462 3492 3474 3554
 3574 3584 3594 3535 3545 3555 3565 3575 3585 3509 3519 3529 3539 3549
 3579 3589 3486 3496 3506 3516 3526 3546 3556 3576 3596 3583 3579 3552
 3562 3556 3606 3616 3607 3545 3565 3605 3505 3530 3540 3550 3560 3570
 3580 3590 3600 3610 3620 3630 3640 3650 3660 3631 3572 3602 3612 3622
 3632 3642 3652 3574 3592 3602 3612 3605 3615 3625 3635 3645 3655 3665
 3639 3559 3569 3619 3629 3639 3649 3659 3669 3679 3614 3624 3634 3644
 3654 3631 3641 3651 3661 3671 3681 3691 3701 3667 3677 3697 3668 3688
 3701 3711 3671 3701 3692 3660 3695 3735 3673 3693 3703 3730 3740 3696
 3706 3716 3726 3736 3766 3680 3690 3700 3710 3720 3730 3740 3750 3770
 3688 3698 3718 3728 3738 3748 3758 3768 3788 3754 3764 3774 3784 3794
 3804 3778 3760 3768 3788 3746 3813 3774 3784 3794 3804 3814 3824 3844
 3854 3864 3788 3798 3808 3818 3828 3838 3848 3858 3776 3796 3806 3816
 3826 3836 3846 3856 3866 3876 3863 3873 3883 3893 3857 3849 3877 3917
 3884 3904 3944 3867 3858 3888 3898 3908 3938 3866 3876 3886 3896 3906
 3916 3926 3936 3946 3956 3943 3953 3973 3983 3964 3915 3925 3935 3955
 3965 3985 3995 4005 4015 3929 3939 3979 3989 3999 4009 4019 3927 3937
 3947 3957 3967 3977 3987 3997 4007 4017 4027 4037 3995 4035 4045 4065
 4050 4060 4080 4100 4110 4120 4130 4140 3918 3870 2043 2298 2598 2608
 2618 2929 2959 3008 3008 3083 3152 3195 3215 3257 3241 3281 3291 3301
 3311 3308 3342 3352 3362 3373 3383 3411 3421 3431 3441 3451 3454 3513
 3474 3484 3494 3504 3514 3524 3534 3544 3510 3543 3498 3518 3528 3538
 3548 3558 3568 3578 3588 3598 3608 3618 3549 3569 3579 3540 3550 3560
 3570 3580 3563 3595 3608 3638 3633 3651 3739 3744 3754 3712 3722 3732
 3756 3776 3715 3832 3842 3852 3862 3872 3882 3845 3836 3846 3856 3876
 3886 3844 3854 3864 3874 3884 3894 3923 3933 3943 3953 3937 3947 3870
 3880 3895 3925 3935 3945 3955 3965 3975 3985 3963 3973 3983 3963 3973
 4058]
demand_number_array:  [  4  14   8   1   1   1   1   1   2   2   1   1   1   1  19   7   4   9
   1   2   1   1  15   4  17  18   2   3   3   2   1   1   2   2   2   5
   5   6   1   1   1   2   2   1   2   1   1   2   1   7  24  21  17   1
   1   2   1   1   1   1   1   1   1   1   1   2   1   5   5  13   4   2
   2   1   1  15   1   1   1   1   2   1   1   1   2   2   1   1   6   2
   9   1   2   6   3   6   2   1   1   2   1   1   1   1   2   3   1   1
   5   4   2   1   1   3   6   1  10  21   8   9  11  21  21   1   1   6
   1   1   1   1   1   1   1   1   1   1   1   1  13   8   5  13   2   4
   2  12   9   7  17   2   3   1  21   8   7   4   1   7   1  10   1  10
   1   1   4   1   1   1   1   1   1   1   2   1   1   1   3  32  17   8
   8  30  20  39  50  96 107 129 106  63  13   2   2   1  18  30  30  52
  48   2   1   1   2   1   3   3   4   6   2   2   2  26   2  22   8   2
   1   1   5   6   9  11   7   1   1   5   8  17  15   3   3   7  35   1
   1   2   1   1   1   1   2   2   2   2   1   1   1   2   2   1   1   2
   1   1   8   3  20   3   1   5   8  28  13   6   5   1   2   2   4   5
  15  27   6  25   2   4   8   5  12   2   2   1   1   1   2   1   2   4
   3  10   8   2   1   2  10   3   4   3   3   2   8   9   4   9   1   6
   1   4   5  17   3   5  21  12   1  22  15  26   1   1   1   1   4   4
   2   1   1   4   3   1   2   2   2   1   4   7   6   7   1   1   3   3
   2   5   8   1   3   5   6   2   2   4   1  11   1   2   1   1   3  10
   3   1   2   4   6   5   9   2   2  10  11  39   3   1   1   3   1   1
   1   1   5   1   3   6   4   1   1   1   1   1   6  10   6   1   1   2
   1   1   2   2   2   2   2   4  15   6   2   1   3   9   4   2   4   2
   9   4   5   8   2   1   1   3   3  10  12  18   1   4   1   1   3  11
   2   8   4   5   2   1  14  33  31   8   1   5   5   1   2   2   4   3
   1   1   1   1   2   1   1   1   1   4   7   2   1   2   1   1   6   6
   2   1   8   2   4   5   2   2   8   4  10   2   1  15  22   1   2   3
   7   3   4   3   3   1   2   1   2  12   6  11   1   1   1   4   2   4
   1]
