count:  539
roll width:  [11000]
roll_price:  [5]
demand_width_array:  [3506 3891 3904 1618 1788 1928 2079 2089 2073 2348 2358 2378 2408 2403
 2414 2388 2468 2548 2558 2568 2578 2479 2529 2539 2549 2569 2579 2499
 2923 2953 2878 2888 2898 2908 2918 2978 2988 2980 3010 3020 3040 3050
 3060 3070 3095 3105 3095 3100 3128 3208 3180 3225 3240 3195 3217 3227
 3247 3229 3197 3207 3203 3223 3233 3243 3225 3235 3245 3255 3265 3248
 3191 3201 3231 3241 3251 3261 3318 3338 3315 3325 3335 3345 3355 3365
 3296 3316 3338 3281 3301 3342 3315 3335 3370 3380 3313 3383 3403 3413
 3423 3433 3389 3296 3306 3331 3341 3351 3361 3371 3381 3391 3401 3411
 3373 3367 3432 3414 3415 3353 3422 3430 3412 3422 3432 3462 3482 3502
 3512 3453 3473 3483 3493 3437 3467 3477 3487 3497 3507 3517 3404 3414
 3424 3434 3444 3474 3484 3494 3504 3514 3491 3501 3521 3496 3504 3514
 3495 3533 3403 3433 3443 3448 3458 3468 3473 3478 3488 3498 3508 3518
 3528 3538 3548 3558 3568 3578 3480 3490 3500 3510 3520 3530 3540 3550
 3560 3570 3492 3525 3483 3513 3523 3533 3543 3553 3563 3573 3529 3549
 3559 3569 3579 3589 3599 3609 3586 3525 3565 3609 3583 3538 3568 3578
 3588 3593 3601 3648 3658 3584 3594 3644 3654 3645 3608 3618 3628 3638
 3648 3658 3668 3678 3679 3663 3673 3698 3676 3706 3621 3631 3651 3703
 3616 3646 3644 3654 3674 3684 3702 3712 3722 3742 3752 3762 3772 3696
 3716 3726 3736 3756 3766 3776 3734 3744 3754 3764 3774 3784 3781 3791
 3801 3752 3762 3772 3782 3792 3832 3842 3852 3862 3795 3746 3756 3766
 3776 3786 3836 3846 3856 3754 3764 3774 3784 3794 3804 3814 3824 3834
 3844 3854 3864 3874 3861 3871 3881 3891 3888 3843 3853 3863 3883 3913
 3923 3933 3847 3857 3867 3877 3917 3927 3937 3855 3865 3875 3885 3895
 3905 3915 3925 3935 3945 3955 3965 3903 3913 3923 3973 3983 3964 3978
 3998 4008 4018 4038 3308 3318 3360 3820 3830 3882 3892 3825 3895 3905
 1201 2380 2390 2400 2520 2530 2540 2521 2531 2541 2555 2615 2925 2921
 3012 3032 2935 3021 3067 3033 3055 3130 3213 3223 3233 3250 3284 3315
 3278 3288 3298 3363 3373 3383 3416 3426 3436 3446 3456 3476 3452 3430
 3440 3450 3460 3470 3480 3490 3500 3510 3520 3530 3540 3491 3472 3482
 3492 3502 3512 3522 3569 3599 3663 3612 3667 3646 3666 3686 3644 3654
 3764 3774 3784 3794 3768 3788 3798 3818 3766 3776 3786 3796 3806 3816
 3826 3810 3865 3875 3885 3794 3839 3849 3879 3889 3802 3812 3822 3857
 3867 3877 3887 3897 3907 3905 3915 3950 3960 3309 3319 3361 3821 3831
 3883 3826 3836 3834 3844 3886 3896 2241 2372 2502 2512 2522 2867 2922
 2962 3012 3022 3047 3181 3242 3297 3307 3280 3290 3315 3325 3345 3355
 3365 3428 3438 3472 3482 3492 3502 3512 3522 3484 3549 3532 3542 3635
 3630 3650 3658 3668 3639 3746 3756 3766 3776 3786 3760 3770 3780 3768
 3778 3788 3792 3792 3817 3827 3837 3796 3871 3881 3891 3804 3814 3829
 3839 3849 3859 3869 3889 3907 3962]
demand_number_array:  [  4   1   1   1   1   4   1   2   1   1   2   2   1   1   6   1   1   3
   4   1   2   1   3   2   8  29   4   1   1   1   2   4   7  10   3   1
   3   4   1   5  10   6   1   3   7  10   1   1   2   1   1   2   1   2
   1   2   1   1   1   1   1   8   7   1   3   1   9   2   2   1   1   4
   3  12   7   4   1   1   2   6   4  10   9   4   1   4   1   4   2   2
   2   2   1   1   1   1   2   7  18   3   1   1   5   8  15   2  12   3
   2   1   3   1   1   2   1   1   1   1   2   4   1   4  31   2   1  13
   1   4   8   3   1   1   3   2   1  36   9   1   3   5  15  16  11   1
   2  14  12  28   1   1   1   1   1   1   1   1   1   2   1   1   7   6
   1  33  27  79  74 112 129 217 224 184  23   5   1   3  27  30  11  62
  74  52 182  58   2   1   1   5   3   7  13  11   4   7   1   2   4   6
  20  21  38   3   1   1   1   2   2   1   3   1   1   2   1   1   1   6
   4  11  17   1   2   3   5   2  11   3   4   1   1   1   1   1   1   1
   2   1   1   1   1   1   3   1   2   1   1   4   4   2   7   9  26   2
   4  13   9   6   7   7  11  25  33  26  35  13   1   1   8   7   7   3
   2   1   3   1  23   1   1   1   1   5   1   1   3   3   1   3   1  21
  10   8   3   1   1   3   7  16  39   4   3  20  16  11   1   2   2   4
   1   1   7   9   2  11   4   1   1   2   4   8   9   8  14  13   1   3
   5   7   4   2   2   3  10   1   1   9   1   3   4   3   1   1   3   1
   2   1   1   1   1   1   1   2   1   1   1   1   3  11  26   1   1  24
   1   1   1   2   1   1   1   1   3   8   1   2   5  10   3   4   2   4
   4   5   2   8   1   1   3   2   4   7   3   1   1   1   4   2  18   7
  12  14  34  23  59 100   1   2   6  24   4  15   9   3   1   1   2   1
   1   1   1   3  20   1   1   2   3   7   5   7   4   8   1   3   1  16
  12   1   8   1   2   1   3   1   1   1   5   1   3   2   5   1   1   2
   9   4   1   3   8   1   1   2   1   1   1   2   2   1   1   1   1   2
   1   1   1   2   8  17   1   2   2   1   1   2   1   7   2   2   3   1
   2   6   1   6   1   4   4  28   1  13  11  43  11   4   1   3   1   2
   1   1   2   3   1   1  12  14   4   1   1   4  11   7   2  16   1   1
   2   1   1   1   1   5   1   4   4   2   2   1   1   1   1   4   1]
